-1 0.250000 0.150000 0.589103 0.000000 0.000000 1.000000
-1 0.250000 0.200000 0.568465 0.000000 0.000000 1.000000
-1 0.250000 0.300000 0.527189 0.000000 0.000000 1.000000
-1 0.250000 0.400000 0.485470 0.000000 0.000000 1.000000
-1 0.250000 0.500000 0.441520 0.000000 0.000000 1.000000
-1 0.250000 0.600000 0.395298 0.000000 0.000000 1.000000
-1 0.250000 0.700000 0.346636 0.000000 0.000000 1.000000
-1 0.250000 0.800000 0.295307 0.000000 0.000000 1.000000
-1 0.250000 0.900000 0.241300 0.000000 0.000000 1.000000
1 0.250000 1.000000 0.184154 0.000000 0.000000 1.000000
1 0.250000 1.100000 0.134935 0.000000 0.000000 1.000000
1 0.250000 1.200000 0.114053 0.000000 0.000000 1.000000
1 0.250000 1.300000 0.112096 0.000000 0.000000 1.000000
1 0.250000 1.400000 0.120647 0.000000 0.000000 1.000000
1 0.250000 1.500000 0.135306 0.000000 0.000000 1.000000
1 0.250000 1.600000 0.153612 0.000000 0.000000 1.000000
1 0.250000 1.800000 0.195733 0.000000 0.000000 1.000000
1 0.250000 2.000000 0.240840 0.000000 0.000000 1.000000
1 0.250000 2.300000 0.310405 0.000000 0.000000 1.000000
-1 0.500000 0.150000 0.480169 0.000000 0.000000 1.000000
-1 0.500000 0.200000 0.464525 0.000000 0.000000 1.000000
-1 0.500000 0.300000 0.433238 0.000000 0.000000 1.000000
-1 0.500000 0.400000 0.401748 0.000000 0.000000 1.000000
-1 0.500000 0.500000 0.369136 0.000000 0.000000 1.000000
-1 0.500000 0.600000 0.335352 0.000000 0.000000 1.000000
-1 0.500000 0.700000 0.300419 0.000000 0.000000 1.000000
-1 0.500000 0.800000 0.264245 0.000000 0.000000 1.000000
-1 0.500000 0.900000 0.226785 0.000000 0.000000 1.000000
1 0.500000 1.000000 0.188187 0.000000 0.000000 1.000000
1 0.500000 1.100000 0.149291 0.000000 0.000000 1.000000
1 0.500000 1.200000 0.124369 0.000000 0.000000 1.000000
1 0.500000 1.300000 0.113905 0.000000 0.000000 1.000000
1 0.500000 1.400000 0.113089 0.000000 0.000000 1.000000
1 0.500000 1.500000 0.119142 0.000000 0.000000 1.000000
1 0.500000 1.600000 0.130053 0.000000 0.000000 1.000000
1 0.500000 1.800000 0.161164 0.000000 0.000000 1.000000
1 0.500000 2.000000 0.199216 0.000000 0.000000 1.000000
1 0.500000 2.300000 0.262222 0.000000 0.000000 1.000000
-1 0.750000 0.150000 0.419297 0.000000 0.000000 1.000000
-1 0.750000 0.200000 0.406380 0.000000 0.000000 1.000000
-1 0.750000 0.300000 0.380545 0.000000 0.000000 1.000000
-1 0.750000 0.400000 0.354599 0.000000 0.000000 1.000000
-1 0.750000 0.500000 0.328060 0.000000 0.000000 1.000000
-1 0.750000 0.600000 0.300723 0.000000 0.000000 1.000000
-1 0.750000 0.700000 0.272689 0.000000 0.000000 1.000000
-1 0.750000 0.800000 0.243858 0.000000 0.000000 1.000000
-1 0.750000 0.900000 0.214327 0.000000 0.000000 1.000000
1 0.750000 1.000000 0.183920 0.000000 0.000000 1.000000
1 0.750000 1.100000 0.153761 0.000000 0.000000 1.000000
1 0.750000 1.200000 0.134124 0.000000 0.000000 1.000000
1 0.750000 1.300000 0.124623 0.000000 0.000000 1.000000
1 0.750000 1.400000 0.122947 0.000000 0.000000 1.000000
1 0.750000 1.500000 0.126897 0.000000 0.000000 1.000000
1 0.750000 1.600000 0.135262 0.000000 0.000000 1.000000
1 0.750000 1.800000 0.160845 0.000000 0.000000 1.000000
1 0.750000 2.000000 0.193975 0.000000 0.000000 1.000000
1 0.750000 2.300000 0.251072 0.000000 0.000000 1.000000
-1 1.000000 0.150000 0.389072 0.000000 0.000000 1.000000
-1 1.000000 0.200000 0.377797 0.000000 0.000000 1.000000
-1 1.000000 0.300000 0.355248 0.000000 0.000000 1.000000
-1 1.000000 0.400000 0.332634 0.000000 0.000000 1.000000
-1 1.000000 0.500000 0.309639 0.000000 0.000000 1.000000
-1 1.000000 0.600000 0.286052 0.000000 0.000000 1.000000
-1 1.000000 0.700000 0.261971 0.000000 0.000000 1.000000
-1 1.000000 0.800000 0.237308 0.000000 0.000000 1.000000
-1 1.000000 0.900000 0.212038 0.000000 0.000000 1.000000
1 1.000000 1.000000 0.186238 0.000000 0.000000 1.000000
1 1.000000 1.100000 0.160187 0.000000 0.000000 1.000000
1 1.000000 1.200000 0.141634 0.000000 0.000000 1.000000
1 1.000000 1.300000 0.131586 0.000000 0.000000 1.000000
1 1.000000 1.400000 0.128034 0.000000 0.000000 1.000000
1 1.000000 1.500000 0.129552 0.000000 0.000000 1.000000
1 1.000000 1.600000 0.135024 0.000000 0.000000 1.000000
1 1.000000 1.800000 0.154924 0.000000 0.000000 1.000000
1 1.000000 2.000000 0.182686 0.000000 0.000000 1.000000
1 1.000000 2.300000 0.232892 0.000000 0.000000 1.000000
