  0.0111004901
  0.011140475
  0.0133440994
  0.00651203514
  0.011036343
  0.00712440628
  0.0125513001
  0.00840998983
  0.0109188014
  0.0148968669
  0.0126560909
  0.0060334558
  0.0113105156
  0.00878682062
  0.00829698514
  0.0116266915
  0.00704167564
  0.0115053037
  0.0121055607
  0.00898808575
  0.00623283893
  0.0106570214
  0.00952518591
  0.00817218457
  0.0105579914
  0.0098124918
  0.00860435478
  0.00679913896
  0.0115915936
  0.00910948601
  0.0123583809
  0.0106903252
  0.00858336077
  0.0118525156
  0.00679320129
  0.010048887
  0.0125045278
  0.0140791166
  0.00818503969
  0.009903949
  0.0147093479
  0.010561681
  0.0107096788
  0.0110372528
  0.0110555763
  0.010213584
  0.0130150921
  0.0131109646
  0.0148276879
  0.0133683595
  0.00983118514
  0.0082154045
  0.0143065792
  0.00690067123
  0.0102103963
  0.00955544791
  0.00632950539
  0.0106578317
  0.0134929064
  0.0114943489
  0.00768400061
  0.00617061735
  0.0135902083
  0.00667373535
  0.0136795336
  0.0061121311
  0.00768078542
  0.0104285257
  0.0127406473
  0.0144734613
  0.00791165004
  0.011215518
  0.00836533281
  0.00992488796
  0.0141994906
  0.0132744006
  0.0132923877
  0.00833138556
  0.00972517856
  0.009239935
  0.0122215091
  0.0128911729
  0.00921538469
  0.0129240598
  0.0109298705
  0.00686605987
  0.0146050546
  0.00798666771
  0.00612893342
  0.0133723408
  0.00717449356
  0.0147138032
  0.0119052433
  0.00820098507
  0.0107548112
  0.0136220331
  0.0130889599
  0.00713587435
  0.0130954749
  0.00910773822
