  0.00982695264
  0.00819259866
  0.00885145313
  0.00925219157
  0.00932806269
  0.0092855422
  0.00917799575
  0.00834327013
  0.0100355725
  0.0096138962
  0.0107688505
  0.00970551206
  0.00977629883
  0.00982902791
  0.0117405498
  0.00882675039
  0.0106150816
  0.00892487708
  0.00998443261
  0.010613041
  0.00977890796
  0.00953748074
  0.010503171
  0.0115038257
  0.00942366188
  0.0101232479
  0.00759882549
  0.00979457291
  0.010048303
  0.00923665468
  0.010607878
  0.0103466074
  0.00991880756
  0.0115796197
  0.00946953274
  0.0102586439
  0.00944564264
  0.00947028818
  0.00832951608
  0.00838982687
  0.00900306565
  0.00947935911
  0.00940474972
  0.00988699957
  0.010200307
  0.00961896346
  0.0111953515
  0.00819546756
  0.00944323508
  0.00940214243
  0.0100914585
  0.0106656503
  0.0109223057
  0.00885036364
  0.00943745977
  0.00941174846
  0.0117166106
  0.0108437335
  0.0107341508
  0.0100862867
  0.0101021516
  0.00986811671
  0.0116231389
  0.0104120982
  0.0106880678
  0.0107318947
  0.0097839523
  0.00979659307
  0.00799115904
  0.0100293135
  0.0110602978
  0.011107824
  0.0106658274
  0.0103405624
  0.0114086893
  0.00891621992
  0.00981750993
  0.00966841816
  0.00913142379
  0.00955451098
  0.00859773142
  0.00976370291
  0.0107861775
  0.00925528579
  0.00978956661
  0.00971437571
  0.0116861613
  0.00927745523
  0.0100197003
  0.0116593344
  0.00850697422
  0.00908330419
  0.00987162888
  0.00864334351
  0.00838111715
  0.00962561105
  0.0103730871
  0.0106282323
  0.00949180009
  0.00992239352
