95.000000 0.500000 9.232791
95.000000 0.750000 11.095639
95.000000 1.000000 12.461439
95.000000 1.250000 13.508861
95.000000 1.500000 14.331159
100.000000 0.500000 11.570379
100.000000 0.750000 13.423518
100.000000 1.000000 14.766220
100.000000 1.250000 15.784105
100.000000 1.500000 16.573293
105.000000 0.500000 14.176705
105.000000 0.750000 15.965803
105.000000 1.000000 17.252387
105.000000 1.250000 18.217820
105.000000 1.500000 18.956723
110.000000 0.500000 17.035047
110.000000 0.750000 18.709775
110.000000 1.000000 19.909442
110.000000 1.250000 20.800966
110.000000 1.500000 21.473471
