100
50
0.000912
10.96
21.92
32.88
43.84
54.80
65.76
76.72
87.68
98.64
109.60
120.56
131.52
142.48
153.44
164.40
175.36
186.32
197.28
208.24
219.20
230.16
241.12
252.08
263.04
274.00
284.96
295.92
306.88
317.84
328.80
339.76
350.72
361.68
372.64
383.60
394.56
405.52
416.48
427.44
438.40
449.36
460.32
471.28
482.24
493.20
504.16
515.12
526.08
537.04
548.00
558.96
569.92
580.88
591.84
602.80
613.76
624.72
635.68
646.64
657.60
668.56
679.52
690.48
701.44
712.40
723.36
734.32
745.28
756.24
767.20
778.16
789.12
800.08
811.04
822.00
832.96
843.92
854.88
865.84
876.80
887.76
898.72
909.68
920.64
931.60
942.56
953.52
964.48
975.44
986.40
997.36
1008.32
1019.28
1030.24
1041.20
1052.16
1063.12
1074.08
1085.04
1096.00
0.000000
0.040000
0.080000
0.120000
0.160000
0.200000
0.240000
0.280000
0.320000
0.360000
0.400000
0.440000
0.480000
0.520000
0.560000
0.600000
0.640000
0.680000
0.720000
0.760000
0.800000
0.840000
0.880000
0.920000
0.960000
1.000000
1.040000
1.080000
1.120000
1.160000
1.200000
1.240000
1.280000
1.320000
1.360000
1.400000
1.440000
1.480000
1.520000
1.560000
1.600000
1.640000
1.680000
1.720000
1.760000
1.800000
1.840000
1.880000
1.920000
1.960000
2.000000
