 1.260245000000000e-02 -3.240952593117247e-01  2.000497010361781e-02 -1.700335945628896e-01  4.708890970783607e-03 
 4.520450000000000e-03  1.588696825426026e+00 -1.947621534813236e-01  1.149113160914362e-02  3.157042870893202e-04 
 1.075445000000000e-02 -8.109785345028095e-01  1.692373064287400e-01  1.166668044338810e-01 -1.177836818901001e-03 
 1.086029000000000e-02 -3.527987011311589e-01 -2.490367644931290e-01  1.400093830228002e-01  1.583051663103237e-02 
 9.590609999999999e-03  9.797776093694025e-01  1.222671096068810e-01  1.176112342969356e-01 -2.560931045509435e-03 
 1.047831000000000e-02  5.920761890688887e-01 -5.628202549808787e-03  1.762686685562642e-01 -3.606893789011271e-03 
 1.022685000000000e-02 -6.380404144236339e-01 -2.344486326909784e-01 -1.155372516647114e-01 -5.832526179580196e-03 
 1.029213000000000e-02 -6.373081852250850e-01 -2.284486486096854e-01  1.154961600837888e-01 -3.678814722280671e-03 
 1.070855000000000e-02  3.957191502184230e-01  2.529916290960645e-01 -1.364921222847042e-01 -2.585438961570122e-03 
 1.349117000000000e-02 -1.283981806098686e-01  1.193639342641596e-01  9.130394334672351e-03  9.435033801273586e-02 
 9.539910000000000e-03  6.826289531622987e-01  2.249525385029387e-01 -1.168185798589170e-01 -1.370604860573856e-02 
 5.880800000000000e-03 -1.291382012066377e+00  2.658663311784342e-01 -1.980127251499566e-02 -1.748597796098321e-03 
 1.245830000000000e-02 -2.593162879288527e-02  2.069188673752361e-01 -2.768569143779250e-03 -7.471926015725819e-02 
 6.181130000000000e-03  8.702151208616751e-01 -3.993353005917066e-01  4.199406265885489e-04  1.976237138899859e-03 
 6.485220000000000e-03 -9.962267959974752e-01  3.512555209024890e-01 -9.256160589160609e-03  1.349112681041444e-03 
 1.135758000000000e-02 -1.339255814557659e-01 -1.158001843952525e-01 -1.651670749877836e-01 -1.753542869154586e-02 
 1.287296000000000e-02  2.165238837553728e-01  1.603124628854578e-01  4.432691177960333e-02 -8.291712679992778e-02 
 1.139980000000000e-02 -6.846810144190603e-01 -8.037056059347788e-03 -7.704296157285267e-03 -9.423907567065430e-02 
 7.146110000000000e-03 -1.232145989501743e+00 -2.437112254503666e-02 -1.259377809042106e-01  1.257723926643927e-03 
 1.563101000000000e-02  2.735238588358913e-01 -5.055979244662482e-02 -8.615139764137428e-03 -6.780779671924052e-02 
 6.339530000000000e-03  9.121766074802528e-01  3.808991973398856e-01  9.805137979389015e-04  8.185512788336930e-04 
 5.000120000000000e-03 -1.240928821967802e+00 -3.309556406478080e-01 -2.084063259953220e-02 -2.494669089164145e-03 
 7.442220000000000e-03 -8.686124960912863e-01 -3.732332717426349e-01  1.734787805552978e-02  1.281185592539872e-03 
 1.214633000000000e-02 -5.444898822165371e-02  8.172328808076942e-02 -1.713631079587314e-01  1.468053108246319e-02 
 1.067349000000000e-02 -5.763376837559133e-01 -2.718115054953581e-03  1.724930241836499e-01 -6.263116407411749e-04 
 1.563559000000000e-02  1.001637894683936e-01  6.941310078828161e-02  3.235476981027796e-03  7.009793607046901e-02 
 7.103490000000000e-03  1.221419259941639e+00  2.781098087620756e-01 -8.924142169322634e-03  2.063104702004676e-04 
 7.946470000000001e-03 -6.744201063074064e-02  4.420523429759063e-01  1.639009725775350e-02  8.242666799131720e-03 
 9.661400000000001e-03  9.179976620136494e-01  1.340186183726006e-01 -1.219556667422671e-01 -1.935395909718089e-05 
 7.228560000000000e-03 -3.749299178052490e-01  4.357658237953650e-01 -1.546559399370798e-03  3.186363775294671e-03 
 9.888160000000000e-03  1.096171483566792e+00 -1.745236710460975e-02 -7.057134773108821e-02  4.037658333813254e-03 
 4.256650000000000e-03 -1.619998526854957e+00  1.713302214809588e-01 -7.331928522912446e-03  2.389763078019000e-03 
 9.695640000000000e-03 -8.618539236446765e-01 -8.581860520899816e-02  1.328637201591044e-01 -1.829111132055983e-02 
 1.245825000000000e-02  3.429665208000532e-01  1.960736512710807e-02  1.670175418323449e-01  7.530005021853456e-03 
 1.016766000000000e-02  7.198609512161553e-01  2.090993057604407e-01  1.179483049236084e-01 -6.840301118650242e-03 
 9.780400000000000e-03  6.355875019889187e-01 -2.390005312016941e-01 -1.227658996609804e-01  8.115693252508297e-03 
 1.183933000000000e-02 -6.097182916726942e-01  1.344835375884116e-01 -8.575739318694512e-04  5.822739153250383e-02 
 9.469900000000000e-03  9.630186192728306e-01 -1.443266322501142e-01  1.195687065333031e-01 -4.101754245904208e-03 
 1.094080000000000e-02 -9.843965871955511e-01  7.820407007933398e-02 -7.371046477657293e-02 -2.404024104862352e-03 
 7.508400000000000e-03 -1.929795898448063e-01 -4.474487223633926e-01  1.087160344138497e-02  1.574631712752879e-03 
 7.132740000000000e-03 -6.956508014616033e-01  3.993114489884443e-01  1.417973818776468e-03 -7.623610423485183e-04 
 9.680980000000000e-03 -7.491773948146297e-03 -3.150673804641286e-01 -1.239648031515995e-01  1.833649776560407e-02 
 1.358448000000000e-02  3.051331360039173e-01  1.085265363458342e-01 -1.111678408910796e-02  8.585762195932108e-02 
 1.297830000000000e-02  1.263441282666188e-01 -5.302431873183211e-02  1.712407389482354e-01 -5.283509733022234e-03 
 7.747650000000000e-03 -1.096634460275428e+00  1.031012902686357e-01  1.208459707881119e-01  8.669204434298007e-04 
 1.250868000000000e-02 -1.670127787613260e-01 -2.130507456320263e-01  6.878247405858603e-03 -6.961919208518486e-02 
 2.121170000000000e-03  2.001326496957628e+00  9.776438846685887e-05 -2.263096712984208e-03  5.558303947805934e-04 
 9.146800000000000e-03 -9.101036529953282e-01 -1.494793113444637e-01 -1.342256731152576e-01 -1.763447029195429e-02 
 9.289690000000000e-03 -7.829370257413072e-01  1.710536631597634e-01 -1.404454811779663e-01 -7.315760668756786e-03 
 6.921170000000000e-03  5.730258335773845e-01  4.236467429824250e-01  5.548650907038450e-03  1.948753746737119e-03 
 4.583110000000000e-03  1.585649651554885e+00  1.918840511583708e-01  1.298889541063470e-02 -1.202454624685476e-03 
 1.490489000000000e-02 -2.949443778822911e-02 -1.037370341508729e-01  1.087559238880010e-03  7.918691923481866e-02 
 1.835660000000000e-03 -2.030217153736644e+00  2.266607456593575e-03  2.553359845560650e-03 -2.192261070491135e-03 
 1.148275000000000e-02  3.348847222511643e-01 -2.640691522921499e-01 -1.219377979597358e-01 -6.153174480412730e-03 
 1.030697000000000e-02  4.205715957286359e-01  2.504245481556730e-01  1.357130537849719e-01  2.309195781149113e-03 
 7.432610000000000e-03  1.905425045362863e-01 -4.498743394496427e-01  8.671269516278047e-03  5.277074210651908e-03 
 1.065394000000000e-02  7.773299813435235e-01 -1.303304613194598e-02  2.119646957856063e-02  9.180615271429679e-02 
 9.142640000000000e-03 -5.009681316914333e-01  2.487759877438752e-01 -1.415846699517617e-01 -1.110789275108765e-02 
 6.775820000000000e-03  1.270219976875608e+00 -6.501384467166825e-03  1.261964696141502e-01  5.667888510230602e-05 
 1.093416000000000e-02 -3.498882656550489e-01 -2.575401511103115e-01 -1.353025343816747e-01  1.483263709407938e-02 
 8.704030000000000e-03 -1.075115437800139e+00 -1.531007356976327e-01  6.620721078842141e-02  7.866593390779775e-03 
 1.162335000000000e-02 -2.214249738250239e-01  2.603911110701938e-01 -1.270621934770575e-01 -1.272565439761212e-02 
 9.186550000000000e-03 -5.115285210371955e-01  2.506899986007038e-01  1.422634230944792e-01 -1.007552615035194e-02 
 1.133421000000000e-02  1.903613582236644e-01  9.948983960719127e-02 -1.611286865170663e-01 -3.399703991450064e-02 
 1.033582000000000e-02 -5.653656397835185e-01 -1.034460841580066e-02 -1.777038015287559e-01  8.024457045027863e-04 
 1.352423000000000e-02 -4.881125925408409e-01 -8.509243668412042e-02  1.483238983851348e-03  7.921862592141403e-02 
 1.099682000000000e-02  7.566424576920693e-01 -8.076564860453384e-03  1.580333051506543e-02 -9.135306051176210e-02 
 1.161897000000000e-02  5.492642583923909e-01  1.171750169809873e-01 -1.908479853487991e-04  8.119549068517129e-02 
 1.042900000000000e-02  9.554165871332226e-02  2.895183638937373e-01 -1.188488306279614e-01  3.180098231021267e-02 
 1.292215000000000e-02  4.698915733358864e-01 -1.101204961062970e-01  1.378519096703883e-02  8.707933059520387e-02 
 1.256398000000000e-02 -3.616138395405475e-01  1.411534143962959e-01 -1.390007311358393e-03  8.587103011694013e-02 
 1.200058000000000e-02  1.188091648145436e-01 -2.120914951514988e-01  8.985884735153110e-03 -7.789455480024191e-02 
 1.431711000000000e-02 -2.548151172704448e-01 -9.454208555663456e-02 -3.186890181751211e-03  8.108688994820329e-02 
 1.303512000000000e-02 -4.140948742603798e-01 -1.232867328267730e-01 -1.679262970670957e-03 -9.022715920617315e-02 
 1.041067000000000e-02  6.835486455981273e-01 -2.243333258668971e-01  1.144294028503122e-01  3.998255492377415e-03 
 9.481969999999999e-03  8.964423107365971e-01 -1.569316251350109e-01 -1.227392769789410e-01 -2.555256681775758e-03 
 6.240110000000000e-03 -1.365049721534011e+00 -3.008929482085318e-02  8.853320823574493e-02 -3.373345661134653e-04 
 1.139304000000000e-02 -5.182339845190403e-02  9.595976428209919e-02  1.728453268085049e-01 -8.878727310326953e-03 
 1.631567000000000e-02 -2.053348428571256e-01  3.895064760551465e-02 -2.726161212028702e-03 -7.642576594209823e-02 
 9.550080000000001e-03  4.287144450876083e-03 -2.946961956602268e-01  1.398728349957629e-01  2.208055330354127e-02 
 1.155702000000000e-02  4.994864280213069e-01 -1.356783102963841e-01  5.932098697605918e-03 -8.800329417527446e-02 
 1.280087000000000e-02 -3.294151970182934e-01  2.025017880173722e-02  1.677607812229375e-01  4.218850003485832e-03 
 1.296685000000000e-02  4.745726665842702e-01  9.399889856800464e-02 -5.151066162438692e-03 -8.709008546186292e-02 
 1.064333000000000e-02 -7.635813909113863e-01 -5.234932802270156e-02 -1.756090002256625e-02  8.772119813611293e-02 
 1.029074000000000e-02  1.179564560080461e-01  2.551843805482398e-01  1.492014963718577e-01  3.391596174004604e-02 
 5.614460000000000e-03  1.360422843733362e+00 -4.781760864304970e-03 -1.140197100212432e-01 -1.300224866065344e-03 
 7.485360000000000e-03  5.086183779327661e-01 -4.223075733134762e-01  1.770379965192790e-02  5.201156022941298e-03 
 4.078420000000000e-03 -1.610543184717617e+00 -1.949795387278057e-01 -1.762164898746635e-02 -2.978745713038494e-04 
 1.503424000000000e-02  1.753559452072569e-02 -1.550671682147560e-02 -8.091895127443828e-03 -8.785949033218673e-02 
 6.890020000000000e-03  1.207805675767860e+00 -2.943636559026312e-01 -1.003348332041359e-02  3.839305767521016e-04 
 1.113179000000000e-02  6.356614159959890e-01 -6.014729733686981e-03 -1.545370483516134e-01  1.382828204692392e-03 
 1.201013000000000e-02  1.277549822103623e-01 -1.049818697645911e-01 -1.698416233411709e-01  1.154314316326174e-02 
 1.148974000000000e-02 -2.312167088954602e-01  2.550782458293372e-01  1.265274089840573e-01 -1.429305844545123e-02 
 1.269364000000000e-02  2.135030621950978e-01 -1.448047212010353e-01  1.084886735328949e-02  9.468198199869457e-02 
 7.015780000000000e-03 -5.144263223450574e-01 -4.321561072755413e-01  2.321609159739959e-03 -2.697013000569364e-03 
 1.271566000000000e-02 -4.334556800398967e-01  1.023339638616807e-01 -2.415259521261751e-04 -8.729367579513324e-02 
 1.159340000000000e-02 -1.331440001922933e-01 -1.009332420660926e-01  1.673223504773836e-01 -8.677635794075185e-03 
 1.118902000000000e-02  3.426567528067784e-01 -2.405590919847999e-01  1.469615815324852e-01 -7.186689696295535e-03 
 7.928510000000000e-03  2.568430060236731e-01  4.325452352037288e-01  6.868068587643745e-03 -5.744911930911724e-03 
 1.206288000000000e-02  3.938051607670492e-01 -2.516048792956915e-02 -1.718066682067066e-01  1.141552889555842e-02 
