 2.455380000000000e-03 -2.410053609464990e-01  3.605923405527667e-01 -1.259843271250157e-02 -9.486770030516660e-02 -1.570315267090277e-02  2.130928210926665e-03 
 2.494560000000000e-03  2.172409242600452e-01 -2.245971621619272e-01  1.632410164735616e-01  9.856124212086786e-02 -1.257505899340243e-03  1.065679676837885e-03 
 2.120180000000000e-03 -7.636136630090957e-01  3.047608497902690e-01  1.684370244780501e-02  1.012815245628920e-01 -2.568362618685199e-03  1.055860869266141e-03 
 2.441110000000000e-03 -3.059857719109433e-01 -3.639545303955980e-01 -9.827428667356395e-03 -8.544290805073095e-02 -4.152624548490753e-04 -1.203385427052593e-03 
 1.143020000000000e-03  1.125052194873723e+00  4.808934503254369e-01  1.034474250582206e-02 -1.677404385284938e-04  2.454168482766785e-03  2.508650423355876e-03 
 2.961130000000000e-03  2.473499520487774e-01  2.202566188668623e-01  1.201522282800868e-01 -9.246716094124369e-02 -2.174411810559354e-03  1.996038181159165e-03 
 1.841300000000000e-03 -6.692740351684916e-01 -3.907676808642607e-01  1.450567295164624e-01  1.262683902771007e-02 -3.852030262493954e-03  1.092609274935536e-03 
 1.697350000000000e-03 -9.219878307134477e-01 -3.869041293804298e-01  1.215076111710457e-01 -2.267732438164528e-03  2.687634897374510e-04  2.210116786799250e-04 
 2.228320000000000e-03  2.787597747222725e-01  3.757437729350996e-01 -8.711421301238690e-04 -9.706972132868810e-02 -6.022010506849007e-03 -2.032881844343043e-03 
 2.328030000000000e-03 -2.460955904396897e-01  3.793160242628921e-01  2.070588420291389e-03  9.266212523150766e-02 -1.584307355320324e-03 -9.682675046177454e-04 
 2.245050000000000e-03  4.088007536364786e-01  3.489211226821357e-01 -1.745204885368432e-01 -1.068826055020283e-03  5.701068213183891e-03  3.288889263631252e-05 
 2.663820000000000e-03 -7.053368617985410e-01  7.103742815089055e-02  1.048057335301136e-01  1.149865251734042e-01 -9.540234019957284e-03 -1.758087184972120e-03 
 2.198660000000000e-03  1.521695393817218e-01  3.689979766942857e-01  1.784678129661486e-01 -5.363968439988068e-04 -6.717974902692201e-04  1.037175164069877e-03 
 2.190200000000000e-03 -1.154424501068220e+00 -3.177085356764362e-02 -7.905192730765283e-02  8.689932048318340e-02  4.984508824024745e-03  2.179241532650739e-03 
 7.077900000000000e-04  1.865581679878051e+00  2.888736138043252e-01  5.421479375078561e-03  1.278746414625895e-03  5.749371240840037e-04 -1.649857740604337e-05 
 2.935980000000000e-03 -2.506606099165113e-01  7.055927563230804e-02 -5.436199853030416e-03 -1.001449185587373e-01  6.914600593176096e-02 -3.301506018382871e-03 
 1.484610000000000e-03  1.329277187401959e-01  5.631554379313456e-01  2.214583156243664e-02 -7.648679536128762e-04  6.156633061363953e-04  2.489244650058181e-03 
 3.071030000000000e-03 -5.637211914952548e-01 -7.724978347567373e-02  1.036982743795153e-01  8.340521484937267e-02 -3.087623060462140e-02  6.043298990012073e-04 
 1.906170000000000e-03 -9.248678355139115e-01 -3.485837373448349e-01 -1.319751072691339e-01  8.721161619208436e-03 -2.603767886768353e-03  3.794101358113229e-04 
 3.685390000000000e-03 -2.416401063834593e-01  2.021235731731544e-01 -1.430588444831783e-02  9.508660145849840e-03  3.910727334323992e-02 -1.656488006599455e-04 
 2.493360000000000e-03  7.891043709339642e-01  1.549423107969168e-01  1.932587731814509e-01 -6.550919800092878e-03  5.677266952290478e-03  1.036839713422694e-03 
 2.402410000000000e-03 -3.870962602463788e-01  3.161489431210506e-01  2.965531871748166e-02 -1.702466386325827e-02  6.321751598542809e-02  2.215090087236195e-04 
 1.587770000000000e-03 -1.234005933858613e+00 -2.798450189545573e-01  1.465943376371361e-01 -1.290125491603662e-02  2.592137292049594e-04  8.289612977383157e-04 
 1.957730000000000e-03 -7.834663834425246e-02  4.273695425729152e-01 -1.584258152926249e-01  1.635326296813741e-03  7.786733333108928e-04 -2.693490759135303e-03 
 1.968360000000000e-03 -9.820067996281714e-01 -1.644136070040509e-01  1.945430252185624e-01  2.668212940195863e-02  2.504566793183166e-04 -2.440713950878568e-03 
 2.010950000000000e-03  1.583133350281595e-01  1.701608443616688e-01 -2.544150458892461e-01  1.221137778917279e-03 -8.015786850332466e-03 -2.949729695088054e-03 
 1.928890000000000e-03  1.053810227313187e+00  1.525040093698545e-01 -1.925911967453801e-01  1.990716872563013e-02 -1.367258867427949e-03  1.202070181429661e-03 
 2.374560000000000e-03  8.830173701058734e-01 -1.733212899501740e-01  7.158203884974866e-02 -9.264383400950835e-02 -2.339353361027879e-02  1.265591512394327e-03 
 3.531510000000000e-03  5.848496714977451e-01 -6.517943822088730e-02  5.177762181071032e-02  5.139039753484002e-03  6.449256897029557e-02 -1.710616308328047e-03 
 3.228980000000000e-03 -4.877568291632328e-01  1.675223028224584e-01 -1.972044008374985e-02 -1.193694792610202e-02  5.811759201965905e-02 -2.133878312846584e-03 
 2.078250000000000e-03  5.768606372579949e-01 -1.263148458064444e-01  2.396125372461944e-01 -1.596696823606289e-03 -4.292974747056145e-03 -1.746727677079047e-04 
 3.028040000000000e-03 -5.091100609196605e-01  4.943980581274496e-02 -5.922734926315829e-03 -1.391225367196218e-01  3.972346713405062e-03  4.310457623843060e-05 
 1.235140000000000e-03 -1.552566415086625e+00 -1.813045427638223e-01 -1.329456326831935e-01  8.429914845648068e-04  1.529885597157816e-03  3.591426792817399e-03 
 2.009520000000000e-03  3.165334777685491e-01 -7.643207054162010e-02  2.712371860658035e-01 -4.362204418220790e-03  4.512977581812239e-03 -1.931281655022207e-03 
 2.386590000000000e-03  7.784793921108847e-01  2.801570958829133e-01 -6.918715276466001e-03 -1.012737397130059e-01  1.422024743885894e-04 -1.587068592782009e-03 
 2.181180000000000e-03  3.799276273693164e-01  1.406463168234983e-01 -2.432869096963008e-01  2.883078830871237e-04 -1.359822335780324e-02 -2.256510567204016e-03 
 2.085120000000000e-03 -1.086988465802650e+00 -2.301733332834504e-01  3.249364214299673e-04  8.706285227230490e-02  4.619384878248096e-03 -5.250495044980298e-04 
 1.083010000000000e-03  1.487725275200414e+00  3.895025621050763e-01  1.378849051115585e-02 -1.703118316196931e-03 -1.505629360970375e-03 -1.291933092347902e-04 
 8.282600000000000e-04 -1.970098636505599e+00  1.734461106949349e-01 -5.941960477965347e-03 -3.345864846622486e-03 -6.805010349847885e-04  1.178856995017837e-03 
 1.374540000000000e-03 -1.853624209103963e-01 -5.308726481882071e-01 -9.991992800674422e-02  2.539802217545883e-03  1.387025125870989e-03  1.269258016889140e-03 
 1.558980000000000e-03 -4.427973660509589e-01  5.420107300033981e-01 -1.547865799811372e-02 -6.432437576401531e-03  1.326528743477603e-03  1.940914729783140e-03 
 3.143120000000000e-03 -1.920034221016951e-01 -1.097029637979491e-01 -3.184947775948935e-03  1.338036725846377e-01  2.958111797624645e-03  4.026018440195529e-03 
 2.279470000000000e-03  2.228496424267140e-01 -5.904561514832528e-02 -2.606336900991920e-01 -2.688347100532479e-03  9.807582822634337e-04 -1.871967108842437e-03 
 3.021090000000000e-03  6.104738574635542e-02 -1.735979014341037e-03  1.498519161507932e-01  1.098560496673843e-01  7.131554423972321e-03 -2.100589552395167e-03 
 3.089470000000000e-03  3.407563763875987e-01 -1.394855961946834e-01  1.493324093654935e-02 -1.307996543883721e-01  1.470188849837677e-02 -1.490338314419856e-03 
 2.908810000000000e-03 -2.790308431508562e-01 -1.955623890574837e-01  1.189361897835117e-01 -1.047234396253776e-01 -3.422936486081997e-03  2.668011432142356e-03 
 3.105540000000000e-03 -1.212643344215147e-01 -1.128930601592712e-01 -1.115426957922280e-01 -5.472945047864953e-03 -7.530819686609143e-02 -3.945269426563827e-03 
 1.576110000000000e-03 -1.353096475472508e+00 -1.179382871931311e-02  1.811841543220989e-01 -6.525893197073856e-03  1.984122032853440e-03 -7.008092869904198e-04 
 2.883120000000000e-03 -6.475225726060512e-01  1.408817882282092e-01 -9.113217275295506e-02  1.065937146430867e-01  1.804500640507010e-03  1.785865898220308e-03 
 2.456910000000000e-03  5.165936183651160e-01 -2.015047451113127e-01 -1.203277179623303e-01 -1.039795137525355e-01 -1.837182358100413e-02  6.765638660928679e-04 
 2.850410000000000e-03  6.416559924631199e-01  1.300613097912474e-01  8.014116748831557e-02 -1.048272889477734e-01  1.584437948451842e-02  9.095385722882308e-04 
 2.963310000000000e-03  9.822546036363351e-02 -3.429072173374397e-03 -1.622400826698095e-01  1.143498038693173e-01 -3.506586385900342e-03 -1.370666886024782e-04 
 1.584960000000000e-03 -9.799605034983877e-01  3.860700505944348e-01  1.253598516738738e-01  5.306134806581951e-03 -5.736606687561540e-04 -5.676015547396029e-04 
 3.710900000000000e-03  2.273663204421459e-01  6.548984219283924e-02 -1.118417136254985e-01  2.577705012310106e-03 -6.609804622894093e-02  2.314105209686121e-03 
 1.333110000000000e-03  4.281244928865956e-01  5.618087016421704e-01 -2.945821706455337e-02  1.104925476120766e-04 -4.747448547529119e-04  1.143780293564930e-03 
 2.081030000000000e-03  4.371181322546439e-02 -3.762817563282299e-01  1.813139861940126e-01  3.695584744523442e-03 -1.099665359038983e-02  2.370069688984424e-03 
 2.727610000000000e-03  7.052824433009068e-01 -4.682721526221803e-02  1.362547967420258e-01  9.351542471822320e-02 -1.107752397184567e-02 -7.069522774765508e-04 
 2.236580000000000e-03  2.780091517459858e-01  3.802241283895009e-01 -2.494331206144184e-03  9.214316941161295e-02 -6.765985095784374e-03  7.003458844709221e-04 
 2.510880000000000e-03  8.754450829350386e-01  5.825546048315600e-02  7.163720311773150e-02 -1.159233201144414e-01  2.692587894914257e-03  1.158940251880954e-03 
 2.255690000000000e-03 -3.103294754986657e-01 -3.658895303766231e-01  1.248228629321459e-02  9.856668339872593e-02  7.235265673827484e-03  4.933498172720115e-04 
 2.210860000000000e-03  8.784926881567794e-01 -5.077580623517577e-02  2.212202842964124e-01 -1.427990364604797e-03  2.191558902568007e-03 -2.350528548668573e-03 
 2.991600000000000e-03 -3.526357392699416e-01  1.810367461299532e-01 -1.206836098304435e-01 -9.425139535725521e-02  1.110563641710436e-02 -1.200036788807811e-03 
 2.701620000000000e-03 -9.643851359292621e-02  2.972219569379204e-01 -1.659648909783560e-03 -4.146755107094743e-03  7.533247040057567e-02  2.740029389259275e-03 
 3.362300000000000e-03  1.198729313049016e-01  1.102360361506933e-01 -1.106462545415599e-01  4.169731713879458e-04  6.503813290152732e-02  2.918288062962219e-03 
 1.875430000000000e-03 -6.730493943032666e-01 -3.006154231945952e-01 -1.961264694485457e-01 -2.361172400624100e-02 -3.677002462851804e-03 -1.563359479045279e-03 
 2.807450000000000e-03 -6.165094545104884e-01  2.009106231069222e-01  3.805679217054338e-02  6.359790330747526e-03 -6.875534175779006e-02 -3.484708728537614e-03 
 3.232550000000000e-03  5.101678143208915e-01 -1.578482107638231e-02 -2.304539285597842e-02 -1.252702024638055e-01 -1.904704498741845e-03 -1.108048844217033e-04 
 1.259630000000000e-03  4.080820322744875e-01 -5.639439223243646e-01  2.479332376298392e-03  1.017142182391344e-05  1.042541095298421e-03  3.137080036333669e-05 
 2.485950000000000e-03 -8.275706308721176e-01 -1.776218865122318e-01  1.193395310371521e-01 -7.997034397155771e-02 -1.161445476585123e-02  2.876559254123385e-03 
 2.988170000000000e-03  2.520376982115497e-01  9.103581513516481e-03  1.480711743733981e-01 -1.021485693172745e-01 -9.575547744061018e-03 -2.798575990446467e-04 
 2.538750000000000e-03 -2.186144301680631e-01  2.330033461203544e-01  1.385422252264037e-01  1.053745070346346e-01  1.958684441399310e-03  1.039665216144087e-03 
 2.856120000000000e-03  1.026360166495228e-01  2.336918201167873e-03 -1.595526209840267e-01 -1.196613979809405e-01 -5.668758570563041e-03  1.541052307169489e-03 
 3.137270000000000e-03 -1.038914862320340e-01  2.527542779533716e-01  1.330844464940812e-02  9.379376476343621e-03 -7.863598081323150e-02 -1.128791170251979e-03 
 2.754290000000000e-03 -2.610535990421701e-01 -1.966493043717905e-01 -9.784551621273953e-02 -1.061367142584506e-01 -1.425761765395768e-02  4.030784340909229e-03 
 3.442910000000000e-03  5.935946346081551e-01  2.406503130284515e-02  5.790057557399913e-02  2.308338879854217e-03 -7.095537739908152e-02  1.119460056866354e-03 
 2.011740000000000e-03  3.633700859885791e-01  1.684712769267409e-01  2.509258451750767e-01  1.466810475839526e-03 -2.153338260457641e-03  6.664043730172468e-04 
 1.959390000000000e-03 -1.024214824974333e+00 -1.471210657358401e-01 -2.000568105369317e-01  1.215549262315765e-02  3.221202247349067e-03  1.722602157391529e-04 
 3.394400000000000e-03 -4.767194293416460e-01 -5.889721780796756e-02  7.629077125513840e-02 -4.760956168076662e-03  7.211159134049039e-02 -1.736400053159295e-03 
 2.966340000000000e-03 -3.568736863732827e-01  1.306166567033738e-01  9.798099643185851e-02  3.268623732158669e-02  7.382550972256963e-02 -1.972764764726776e-03 
 3.143530000000000e-03 -2.407791049193493e-02  1.907901944049546e-02 -1.049227874593007e-02  9.767921556749208e-02  7.335371440141369e-02  1.447986294931981e-03 
 2.458950000000000e-03  1.441824169790618e-01 -3.552348042331357e-01  1.959304019152145e-03 -9.851603630793324e-02 -1.711331362410221e-03 -3.724742507442305e-03 
 2.142880000000000e-03 -3.326197018173300e-01  1.459337610648559e-01  2.555799134698823e-01 -7.724985892944055e-03 -7.740883008605683e-03  7.601011671625586e-04 
 2.829220000000000e-03  4.877642638875676e-01  1.840676822761586e-01 -9.987609066857357e-02 -1.055549361957810e-01  9.377362100598712e-03  6.779597880913142e-04 
 2.226100000000000e-03 -1.015643823217838e+00 -2.363936754425596e-01  2.500307456968437e-04 -8.895601591845802e-02  2.383368813367058e-04  1.833242878274422e-03 
 2.336250000000000e-03 -1.637652832303365e-01  2.422383454320560e-01 -1.699541318982864e-01 -8.071212601689082e-02 -2.982725934966647e-03 -1.615365014653629e-03 
 1.759820000000000e-03  9.291778859219251e-01  3.809709116322502e-01 -1.189223193791614e-01 -1.269769599866198e-02 -2.697293831189825e-03 -1.742343032170037e-03 
 2.385380000000000e-03 -5.140847125711985e-01  3.082295886173270e-01 -3.657955140960323e-02 -1.050186323831631e-01 -2.349177975622329e-02 -2.832912260111627e-04 
 2.462770000000000e-03 -1.245809401685496e+00  7.488067825397936e-02  7.602587943090757e-03 -6.008900853420775e-02 -1.997173161219087e-03 -5.618521242663538e-04 
 3.802520000000000e-03  1.370090663875548e-02  1.708479877184645e-01  2.912768220053819e-03  5.000684397607330e-03  2.182763547226411e-02 -1.149683879857155e-02 
 2.079620000000000e-03  1.018337899015663e+00  1.497054397042354e-01  1.807740835766019e-01  1.611997490081293e-02 -4.046004331351538e-03  1.214403466506147e-03 
 2.877160000000000e-03  2.541497742488699e-01  2.098005901293941e-01 -1.202341330882001e-01 -1.008034924683548e-01  6.498707500080197e-03 -1.495414799008077e-03 
 2.205600000000000e-03 -2.628714985711705e-01 -1.099771775204437e-01 -2.636569232597679e-01 -9.512799544243069e-04  2.314280202300335e-03 -3.414511000038084e-03 
 2.070580000000000e-03  6.100157889998614e-01  1.692316058910932e-01 -2.311502788151334e-01 -1.228086108118061e-02 -7.406615480952590e-03 -8.255742081881217e-04 
 3.472880000000000e-03 -3.688658212814850e-03 -4.815496818761152e-02 -1.290198027704819e-01 -1.194217189597717e-02  5.326044352533760e-02 -2.024718253174124e-03 
 2.954250000000000e-03 -6.537574203066197e-01 -1.895231046535959e-01 -2.471688365953620e-03  1.669741369320727e-03 -7.536124085455739e-02 -4.368776420869944e-04 
 2.495760000000000e-03 -6.525518664382794e-01  2.379619492857687e-01 -9.870600213879007e-03 -1.861595225198573e-02  6.814630465960632e-02  3.405778899265252e-03 
 2.260900000000000e-03 -1.677333260653806e-01 -3.010470616258057e-01  1.989628545821241e-01 -1.901891355814380e-03  3.498701935849541e-03 -5.766259094809315e-04 
 2.877150000000000e-03  7.327301029863507e-02 -2.341336317395880e-01  9.089250634216672e-02 -1.573438182342219e-04  6.613942560881643e-02  2.040112437281132e-03 
 3.324500000000000e-03 -3.707950057230314e-01 -8.653620443224359e-02 -7.776805567353491e-02 -4.968695539731829e-02  6.466051033998040e-02  6.200741580434516e-03 
 3.373590000000000e-03  9.247302069633730e-02 -1.248259899054571e-01 -1.092214123796955e-01 -1.558791884990806e-04 -6.410048160574031e-02  4.270883776448201e-04 
 2.807060000000000e-03 -4.643968626053369e-02 -2.038832070355559e-01  1.277947492243523e-01 -1.073176710857081e-01 -1.004726842491396e-02 -1.183512023252345e-03 
 1.297900000000000e-03  1.613910856869318e+00 -1.134558321658661e-01 -1.259256147148251e-01  1.738445342902982e-02 -1.034871545400158e-03 -1.003414140038929e-03 
 1.112150000000000e-03  1.513042938637870e+00 -3.701877064319294e-01 -1.483702827920073e-02  9.277271995813152e-04 -3.664807854454328e-03 -2.987751201434393e-04 
 3.382080000000000e-03 -6.431464280834708e-01  1.529321922573684e-02 -2.100713530023304e-02 -1.206578112386900e-02 -6.685465268510270e-02  1.228403562760520e-03 
 2.121280000000000e-03  5.321310139309056e-01  3.628198900068801e-01  4.280105711877688e-04  9.055384821793047e-02 -3.730740069746540e-04 -1.059454120927170e-03 
 2.289070000000000e-03  7.697698178966164e-01  2.931484505613102e-01  1.863593986401852e-02  9.736776804757188e-02  8.040020558661737e-04  7.622224546063691e-04 
 2.084460000000000e-03  4.060985510260520e-02 -3.847150568748024e-01 -1.776042957393717e-01 -1.575746984191821e-04 -1.087863362671688e-02 -6.634238549785020e-04 
 3.194300000000000e-03  1.560629033108749e-01  8.738730592985826e-02  8.734539317582725e-02  4.475679594998240e-03 -8.088573874683982e-02  7.005197508375715e-03 
 2.615840000000000e-03 -3.779777734612592e-01  3.627178844641830e-04  1.714944694122967e-01  1.051114309217753e-01  2.372202957095220e-03 -1.518454119462874e-03 
 2.696300000000000e-03  6.379191647423976e-01  2.194667362768426e-01 -3.384786129196971e-02  1.887111268587912e-03  6.978668974455050e-02 -2.767406911317884e-03 
 1.085880000000000e-03 -7.981471592504031e-01  5.428840996945058e-01  5.587660767114195e-03  3.673300937461361e-03 -5.733305708580651e-04 -1.645982427242448e-03 
 1.645540000000000e-03  1.305329527114729e+00 -2.593664859231512e-01  1.215246952915209e-01 -1.188836216704107e-02 -1.148090386423625e-03  1.560737656766918e-03 
 3.281310000000000e-03  3.483817821259367e-01 -1.528908035913140e-01 -9.866481747765231e-02 -2.800335633247327e-04 -6.682767549881818e-02  7.261967518987615e-05 
 2.650530000000000e-03  4.749720441257778e-01  2.119564016656638e-01  1.167583128986701e-01  9.470246242399830e-02 -1.461909575944514e-03  8.148306724155714e-04 
 1.121090000000000e-03 -1.130412080523984e+00 -4.806540749948294e-01 -6.457761422339084e-03 -5.507179152833979e-05  1.258163083897346e-03  4.561823241287253e-04 
 3.075010000000000e-03 -4.951571210298232e-01  7.925585366839048e-02  1.736778620952772e-02  1.261837794279573e-01 -5.964032174927267e-03 -1.215944379142923e-03 
 2.940730000000000e-03  3.753023179145981e-01  2.533783420842745e-01  1.215473074482958e-02  3.175040557148782e-03  7.248215126673753e-02  1.360643867640542e-03 
 2.579690000000000e-03 -9.059689094263156e-01  3.204333452002163e-02 -9.978940878263705e-02  1.089842062058592e-01  1.008888275241504e-03 -4.550721669880708e-04 
 1.976740000000000e-03 -1.361308038600617e+00 -1.551584409836401e-01  9.462733362827847e-03  4.924224669454351e-02 -3.644200173787446e-03  2.894535145691583e-03 
 1.724750000000000e-03  1.317825569666674e+00  1.329746124553667e-01  5.951610514077335e-03 -9.690270361118535e-02 -3.314440936416824e-03  1.173987598174639e-03 
 2.854840000000000e-03 -1.410418236039563e-01  8.692637363171232e-03 -1.641249669240492e-01  1.138410841495244e-01 -1.368296111860439e-02  5.838206544674580e-04 
 3.340740000000000e-03  3.462933152971616e-01 -1.910004100000310e-02  6.278120998872719e-03  6.538295397739882e-04 -9.222939416088512e-04  6.718992664476552e-02 
 2.147570000000000e-03 -5.706706468197719e-01  6.098914344712949e-02  2.490579264738478e-01  1.857844991392453e-02  1.021374058619678e-02 -2.640815493932763e-03 
 1.711940000000000e-03 -1.314871200242333e+00 -1.948154873440902e-02 -1.822309683664808e-01 -1.189149271498667e-02  3.610172060691169e-03  1.192151335777160e-05 
 3.234830000000000e-03 -2.692432835669827e-01 -1.317606660919563e-01 -2.036666750631042e-03 -5.899154469939278e-05 -9.194720360264922e-03 -4.924312311271957e-02 
 2.437250000000000e-03  1.518560525780287e-01 -3.527640297139701e-01  2.272220467492233e-03  9.957202855204976e-02 -1.987761144906585e-03  2.638563782061338e-03 
 2.980260000000000e-03  1.506961988555480e-01  2.687899091735066e-01 -1.367597930798781e-03 -1.605031252858387e-03  7.483756892397156e-02  3.944252404758286e-03 
 3.145870000000000e-03  1.068674765915797e-01  1.294723385594620e-01 -5.350079934198672e-03  1.309688539590494e-01 -1.969031946741398e-02  3.677635405998860e-03 
 2.920440000000000e-03 -5.560971834651125e-02 -1.959367507189572e-01  1.255476070940840e-01  1.079122515226462e-01 -1.338868003374748e-03 -1.056159021532368e-03 
 2.308140000000000e-03  7.015338686781262e-01 -2.368003363224375e-01 -1.990493728548384e-01 -3.296680993476199e-03  4.480391415388889e-03  2.453851548543772e-04 
 2.888710000000000e-03  3.490422853612857e-01 -2.245495152605340e-02 -1.583503020359254e-01 -1.074274840758326e-01  1.939669249770116e-03 -7.526876059174775e-06 
 3.230100000000000e-03 -2.179683464869255e-02 -4.672628291376252e-02 -3.251380395159269e-03 -1.010091271586614e-01 -6.386825310495324e-02 -8.547425464136588e-04 
 2.319230000000000e-03 -4.351644396797770e-01 -2.199574621023526e-01 -1.599030205428925e-01 -8.619968460639937e-02 -3.619912569444829e-03  1.672313396240207e-03 
 2.024250000000000e-03  1.099003895414222e+00 -2.479122757926577e-01 -9.809027983915045e-03  8.020479057001705e-02  1.431461323607321e-03 -1.005134698501229e-03 
 2.124520000000000e-03  1.700567093913336e-01  3.978648558756476e-01 -1.654921529328535e-01 -3.067375741159541e-03  9.724039107322914e-04 -2.272320356378204e-03 
 2.968190000000000e-03  3.854761058759926e-01  7.856134934758086e-02  9.725461177525141e-02  3.479667153223634e-03 -8.518268652165534e-02 -9.140984219871190e-04 
 2.674560000000000e-03  4.682700746013586e-01  2.084720413374427e-01  1.167915347502435e-01 -9.601337877675493e-02 -3.843338657358684e-03  1.131446842561571e-03 
 1.396980000000000e-03 -1.613035403654275e-01  5.674219974275851e-01  1.250041186207440e-02 -2.364086327615191e-03  3.107221780482775e-03 -3.746853886336304e-03 
 2.375860000000000e-03 -5.412122659405727e-01 -3.515444087128660e-01 -1.724611255808689e-02 -8.111500408475369e-02 -9.399867644534095e-04  1.551685879504118e-03 
 2.997960000000000e-03 -1.721238860621507e-01 -1.145492580147831e-01 -1.095928144902655e-01  7.898271686499767e-03  7.570357099994689e-02  3.930971435126203e-03 
 2.957070000000000e-03  2.201605986338894e-01  3.288855904961738e-02 -1.773933523419841e-02  1.002084472625329e-01  6.518674161516456e-02  1.738453255373707e-03 
 2.989150000000000e-03  5.810540244406615e-01  2.004296216195488e-01 -7.520998079099227e-03  2.759335704743042e-03 -7.253782758076263e-02  6.428372336299118e-04 
 1.688720000000000e-03  1.239767177382984e+00  2.661727836765612e-01  1.403592855435335e-01  1.223783317214898e-02  3.035775858311571e-03  2.069407319789181e-03 
 3.246960000000000e-03 -6.100796554814834e-01  6.329938927764339e-02  6.428026187368112e-02  4.749467008846237e-03  6.463116744165026e-02 -7.977630082360334e-04 
 2.316300000000000e-03 -4.418594366175898e-01 -1.488367082681926e-01  2.398522138510906e-01 -6.820123384067251e-03  5.089313752536924e-05  1.337230674850913e-03 
 3.485970000000000e-03  4.552679772161948e-01  5.023931923632425e-02 -8.964620528427782e-02  1.226914086079632e-03 -6.945033241000691e-02  9.943739043277297e-04 
 1.781500000000000e-03  1.068158151806051e+00 -2.136808038676361e-01  1.799334863979081e-01 -2.128990926783543e-02 -1.348597605107311e-03  2.442613748413714e-03 
 2.437310000000000e-03 -1.765358406617316e-01 -3.203119018471545e-01 -1.830639714188571e-01 -8.249537579104684e-03  3.180230018631720e-03  1.538897949525359e-03 
 2.061750000000000e-03  7.433057109003482e-01 -2.794481479302190e-01  1.915070214294577e-01 -9.931460908622353e-05 -1.463318526812782e-03  5.632883474507544e-04 
 1.542430000000000e-03 -9.875233543383702e-01  3.890259959180178e-01 -1.300968757390420e-01 -5.869007992135626e-03  1.153312246429046e-03 -5.578739488843747e-04 
 2.482330000000000e-03  5.580524215325339e-01 -2.109553837262674e-01  9.750750816401088e-02 -1.138273262623257e-01  1.683107397270019e-03  8.990626058531342e-04 
 2.731140000000000e-03 -2.886458528621868e-01 -2.028377332366635e-01  1.349039788850744e-01  9.818507556950606e-02 -1.861597898087571e-03  4.153803124705496e-04 
 3.215440000000000e-03 -5.608736554043509e-01 -1.770326042707534e-01 -4.535099398438550e-02 -4.096380760536882e-03  5.972905021825912e-02 -6.295777215864187e-04 
 1.249710000000000e-03 -1.690694280596481e+00  5.689313675963990e-02 -1.166351482904967e-01  3.762729840742860e-03  2.724506876302677e-03 -9.470391706052462e-05 
 1.976180000000000e-03 -1.117525913661093e+00  2.522821560234761e-01 -8.908223173498134e-03 -8.421364432863436e-02  9.428217102919681e-04  4.880779488745855e-04 
 3.204160000000000e-03 -3.760065205495515e-01  4.106579037510186e-02 -1.281196552290627e-02  1.137360942784925e-03 -1.878468177879180e-03 -6.580920817228364e-02 
 2.179560000000000e-03  7.435399567499388e-01 -3.190900883072353e-01 -2.268300842291315e-02 -9.916324120393952e-02 -8.556804189559623e-04  3.537182541289356e-03 
 1.518210000000000e-03 -1.365046342170929e+00  2.407360561258235e-01 -1.367072332373061e-01 -1.215432977467621e-02 -2.709476260869835e-03  1.632316064580440e-04 
 1.454110000000000e-03 -1.868639036430031e-01 -5.041094420088369e-01  1.208079800560514e-01 -1.019232850745590e-03  4.826272381417321e-03  1.216855105772203e-03 
 3.093600000000000e-03  3.698757400224176e-01  2.331865209200744e-01 -2.170386614624623e-02  3.035006707805191e-03 -7.587868151943733e-02  1.226414638156272e-03 
 2.946500000000000e-03 -4.255062520661897e-01 -2.410267721622370e-01 -2.358465917054717e-02  2.562745029286859e-02 -7.269513160783957e-02  1.605281901682383e-03 
 1.854670000000000e-03 -1.203652813053121e+00  1.941060740959837e-01 -4.427258154641646e-03  9.658796694364911e-02 -4.863311583038127e-04 -7.741997715496381e-04 
 3.202210000000000e-03 -4.776452411134852e-01  6.974201129340123e-02  1.024155714427271e-01 -1.238387604943070e-02 -6.388296918183367e-02  1.653279617824351e-04 
 3.323640000000000e-03 -1.017826488424459e-01  1.232785456855318e-01 -1.064491892547485e-01  9.408137427430552e-04  6.001088167174676e-02  2.948730294913703e-03 
 2.797570000000000e-03 -4.673590775162315e-02 -2.083938461812141e-01 -1.106125349336694e-01 -1.134047112357026e-01  2.650273033095951e-03 -7.721907059522921e-04 
 3.502280000000000e-03  9.131337671332362e-02 -9.959873721806223e-03 -1.804668228158993e-03 -1.190720473444974e-03  4.389101046791141e-03  6.919922257079392e-02 
 3.140010000000000e-03 -1.657732122878719e-01 -2.423273775598906e-01  2.250285566431773e-02  6.039116310527409e-03  7.484281315887663e-02  3.747879971391952e-03 
 3.182190000000000e-03 -1.181888751249846e-01  1.528277276424431e-01 -3.216209410580014e-03 -1.283411666798180e-01 -2.616552876332066e-02  1.627745551595121e-03 
 2.414200000000000e-03 -9.796928277742968e-01 -8.298743979737769e-02 -6.699739850457490e-03  2.163037827209167e-02 -7.635348051403761e-02 -2.175938578817863e-03 
 1.194250000000000e-03 -1.679633229219219e+00  8.247984055645906e-02  1.232330786332703e-01  6.867352066256649e-04  3.432894329197468e-03  7.799838693359612e-05 
 1.813390000000000e-03 -6.582959834874893e-01  4.015555306077535e-01 -1.451549410520076e-01 -9.625762015169920e-03 -3.691116919526429e-03  1.379676568361341e-03 
 2.999020000000000e-03  3.580495984066210e-01  9.974363547839479e-02  1.990318090426522e-03 -1.295536378419482e-01 -1.688671662812908e-02 -1.610515882368879e-03 
 1.895300000000000e-03 -3.600037524937704e-01  3.964814745107884e-01  1.772955801646920e-01 -1.120595953734495e-02 -9.011495852900158e-03 -2.111355876775095e-03 
 2.728940000000000e-03 -8.049044749944504e-01  1.270446458360553e-01 -2.195677212851621e-02  1.507416397995003e-02 -7.542473769793714e-02  1.796844628914743e-03 
 2.510540000000000e-03  5.227813455097396e-01 -1.953428873186056e-01 -1.179895802655842e-01  1.069669744697423e-01 -1.380810974102941e-02 -1.071901670163988e-03 
 3.611530000000000e-03  4.805095976765526e-01 -1.344803369370197e-01  2.902786279337449e-02 -2.979321878404650e-04 -6.424303575390185e-02 -4.281044094085319e-04 
 3.362370000000000e-03  4.441067904004152e-01 -1.050524057852531e-01 -7.571479048855526e-02 -1.371896369923991e-04  7.050739630136173e-02  3.422554584656221e-03 
 2.344650000000000e-03  5.128490276569340e-01 -5.399227015946537e-02 -2.497793738551424e-01 -3.652457638015506e-03  1.408087707738903e-03  6.318426773743512e-04 
 2.922710000000000e-03  6.047336372067350e-01 -6.409203682168005e-02 -1.042989114472330e-01  2.511009336671786e-03 -5.955302556802683e-02 -5.739438962666876e-04 
 2.831980000000000e-03  7.948776848393269e-02 -2.346236637175027e-01 -9.333047056649477e-02  2.891321448469053e-03  6.757166457033355e-02  1.322977914217191e-03 
 2.187480000000000e-03  1.050818512256500e+00 -2.139679842984490e-01 -3.813646156406009e-02 -8.750387025393418e-02 -4.566478605128373e-03 -8.243773804024890e-04 
 3.312790000000000e-03  1.107916121708509e-01 -1.446278283122722e-01 -7.348704155319358e-04  1.215203425368701e-01  2.384826249878004e-02  3.382471501023737e-03 
 3.750030000000000e-03 -2.420837025032375e-01  8.215373402751212e-02  9.995313558910046e-02 -1.856443681575284e-03 -6.311530427719186e-02  2.189907348042232e-04 
 2.820210000000000e-03  7.034326458915515e-01 -4.813439607219203e-02  1.299090476394054e-01 -9.676107525333508e-02 -7.201364972567163e-03 -2.890112052548120e-05 
 2.467860000000000e-03  8.616265080794129e-01 -1.067601755286812e-01 -1.114758370928238e-01 -9.433957726839662e-02  4.197906518547028e-03 -1.335160316008033e-03 
 2.001210000000000e-03 -7.122794215742226e-01 -1.687715923847962e-01  2.171932170035640e-01  5.648081395887666e-02  2.012571672609940e-04  6.541928353882448e-05 
 2.502300000000000e-03  2.161419363664375e-01 -2.252776336976270e-01  1.658064130253563e-01 -9.813413552407854e-02  1.598900344462308e-03 -7.612117932221531e-05 
 2.144670000000000e-03 -3.524717001892671e-01  3.738449422116871e-01 -1.768152167533365e-01 -2.698958278079537e-03 -5.697875928794686e-04  1.295424403177894e-03 
 1.865310000000000e-03  9.195804805303267e-01  3.534625354753330e-01  1.355410253727713e-01 -1.258658576323617e-02 -5.113817783826547e-03 -1.866484375523259e-03 
 2.105060000000000e-03 -4.074723834573046e-01 -3.557933132513171e-01  1.707921831462909e-01 -2.268572137420709e-02 -8.918583602017686e-03 -2.799720057981357e-04 
 2.808120000000000e-03 -6.721730248089689e-01  1.358591249718470e-01 -1.204683753125465e-01 -1.047019728624824e-01 -3.968389963727469e-03 -2.538580907800448e-03 
 1.704520000000000e-03  1.325516182648380e+00  7.939306720712533e-03  1.816852686580267e-01 -9.638144248355282e-06 -6.588204533379396e-04 -2.616293192745730e-04 
 3.867150000000000e-03  2.008252617038171e-01 -8.877955503712945e-02  9.106220012148054e-02  3.131340721523965e-03  6.412764280281782e-02 -9.070200533708964e-04 
 3.112040000000000e-03  1.131325947720338e-01  1.334403202777778e-01  7.980083097671082e-04 -1.283423537125625e-01 -2.549282271663051e-02 -4.742005759812817e-04 
 2.124390000000000e-03  1.093854903495782e+00  2.473731447700520e-02 -9.375331533048829e-02 -9.614556196952137e-02  1.008861973646194e-02 -1.258496450992612e-03 
 7.179000000000000e-04  1.892314826945672e+00 -2.702519376974428e-01 -1.859220524100010e-03 -3.917900294558384e-03 -2.910446446062920e-03 -8.793648801493812e-04 
 3.394760000000000e-03 -3.634946726940273e-01 -9.143162181872233e-02  8.023514455644999e-02  1.547502568857508e-02 -7.073543792139010e-02  9.654480805686530e-03 
 1.515350000000000e-03  8.443440111151594e-02 -5.626177436731908e-01  2.708940797191030e-03 -1.982856310644996e-03 -4.193956392731340e-04 -3.830067023650018e-04 
 2.719540000000000e-03 -8.382247694293574e-01 -1.500420104386018e-01 -9.441096622680244e-02 -7.708064346062647e-02 -6.863553443748275e-03  1.253857595537780e-03 
 2.628580000000000e-03 -8.250693562643944e-01  1.211649083791446e-01  3.285233625253738e-02  2.419742989272409e-02  7.228075625274520e-02 -2.611672514619408e-03 
 3.492720000000000e-03 -5.449278992708489e-02 -5.518825226255019e-02  1.267831945253591e-01 -4.392319718963779e-03  6.375649197313066e-02 -6.012188702559827e-04 
 2.843650000000000e-03  6.755574237762813e-01 -1.042639935715492e-01 -6.996095763955262e-02 -1.003999770898944e-01  2.810449846812408e-02 -1.009000614214941e-03 
 2.845080000000000e-03 -3.008255464755547e-01 -2.224613354726179e-01 -1.268424260888891e-01  8.903296171535041e-02  1.293300791535732e-02  8.062325895917602e-04 
 2.960620000000000e-03 -3.817557584691033e-01 -2.291835924658426e-01  2.478064046345883e-02 -1.020923826071896e-02  7.110656512796505e-02  6.126297654973454e-03 
 1.656570000000000e-03  1.447526461547116e+00 -7.146525674638829e-02 -1.404728675462971e-02 -7.918550251462506e-02  5.364232712840533e-04 -2.750444335357193e-03 
 2.195090000000000e-03 -1.050845142594687e+00 -2.268577573499528e-02  1.390695068303015e-01 -8.702285025402544e-02  1.963390970664817e-03  3.218969022006946e-03 
 2.251320000000000e-03  8.958779580698286e-01 -1.697372477929056e-01  8.598027187639884e-02  9.963351811311283e-02 -1.715713617772959e-02 -5.443383773038474e-04 
 2.712100000000000e-03 -7.122580001241846e-01  1.145819326802832e-01  8.574381565462215e-02 -1.059994561942695e-01 -5.761255232733572e-03 -5.122371320376456e-04 
 2.847580000000000e-03  3.509502006778242e-01 -2.530100602426134e-02 -1.604721740841180e-01  1.105073574123153e-01  3.062599278167750e-03 -9.117861366495464e-04 
 3.233300000000000e-03 -5.436309154889647e-01  1.223219622573395e-02 -9.340298930764258e-02  5.214240708195789e-04  6.782825457376880e-02 -2.001499103995250e-03 
 4.899900000000000e-04  2.253965330501769e+00  7.270846037545256e-04 -5.096875027038691e-03 -7.450520868755989e-03 -9.595255696230686e-04 -6.638618859570391e-05 
 3.460750000000000e-03 -1.465561972888630e-01 -1.040053787500162e-01  9.710856680284818e-02 -3.550669013299124e-03 -7.271550853360857e-02  4.201827854108607e-03 
 2.192840000000000e-03  1.066640598136435e+00  2.303917780570723e-01  3.715499986447766e-03 -8.781261170804534e-02 -8.691973301688747e-03 -8.290983568838886e-04 
 3.609830000000000e-03 -1.403599422470214e-01  1.553223028286628e-02 -7.729360159679536e-03  4.075751115038718e-03 -7.530975466596127e-03 -6.492769076494018e-02 
 2.885930000000000e-03 -7.038068808460561e-01 -1.191831396459386e-01  5.163139153362362e-02  3.188625547563807e-02  7.399736681643812e-02 -8.005950647766733e-04 
 2.593510000000000e-03  8.974648040395485e-01  2.264582501385864e-02 -1.127614928759489e-01  9.230587799272492e-02  8.094925210634792e-03  8.737029415892466e-04 
 1.597010000000000e-03 -1.248107130480412e+00 -2.816275971507953e-01 -1.355668199243314e-01 -8.886651119738813e-03  1.477132460104795e-04 -2.134964168301465e-03 
 1.975020000000000e-03  5.578970670013667e-01 -4.132408374840059e-01 -1.344831267428266e-01  1.246446331746944e-03 -9.881916398730531e-03  8.390470312234352e-04 
 2.954750000000000e-03  1.806375399202622e-02  2.172537033816035e-01  1.390017395221886e-01 -9.030998611031545e-02 -1.255165099127445e-04  2.828963569186122e-03 
 2.867510000000000e-03  1.951041116109228e-02  2.219458472119512e-01  1.440621609297819e-01  9.010272222741940e-02 -1.860142028604511e-03 -1.864607191195808e-03 
 2.293160000000000e-03 -9.309127260506935e-01  1.719928985456337e-01  1.254180545777568e-01 -6.747908045576348e-02 -9.280295262838648e-03 -2.751677225614363e-03 
 3.896500000000000e-04 -2.290894497155362e+00 -4.241729537001529e-02  4.587138455355329e-03  9.325816593189002e-03 -4.469239140987614e-03  2.001471892601719e-03 
 2.214790000000000e-03 -7.998677083357200e-01  2.235225705919726e-01 -1.890520521431502e-01  3.017559518806411e-02  3.526979463171632e-03  1.684446316549633e-03 
 3.226510000000000e-03 -7.920197772414256e-01 -5.763949527904027e-02  4.011948475275204e-02  5.230288435154477e-02 -4.746184785225958e-02  5.186120160265460e-04 
 3.156170000000000e-03 -1.649796688237593e-01  7.691052249315320e-03 -1.591631474130747e-01 -1.082020881201454e-01  9.645855978553279e-05 -2.024435430403371e-03 
 3.775040000000000e-03 -2.576847754028004e-01 -4.774460892055998e-02  8.144015817231386e-02  1.546570937818783e-02  7.288006338175332e-02  9.131992829349362e-03 
 3.302570000000000e-03 -3.023662349749343e-01 -5.918409497283041e-02 -1.054560434345179e-01  3.722258962823224e-02 -6.841759343896947e-02  9.199048582744788e-03 
 3.086090000000000e-03  2.184753877180785e-01 -5.121679764041513e-02 -1.078071773795837e-02  9.242060090424012e-02 -7.135878739414613e-02 -1.371313160110504e-04 
 2.799860000000000e-03 -6.259859044276139e-01 -7.084235189922132e-02 -6.484738306125697e-02  1.269776126594371e-01 -3.031281005486111e-04 -2.119943269271643e-03 
 3.857790000000000e-03  2.232902239498046e-01 -9.327527828964929e-02 -9.319249920835189e-02 -1.117238461691417e-03  6.056897969133425e-02  1.519046960021913e-04 
 3.762170000000000e-03 -3.409161147457191e-03  8.440874360596885e-02 -9.596445395975516e-02 -2.379813270409205e-03 -7.683585253756098e-02  2.986232534863416e-04 
 1.182960000000000e-03  1.859336971716137e+00  1.176804973330240e-02  2.123240058966548e-03  7.913254577054987e-05  1.587892213805375e-03  6.638622717425640e-04 
 1.340920000000000e-03 -1.582899459738263e+00 -1.600938734574205e-01  1.095204756658355e-01 -1.872327327415548e-03  1.909395833524345e-03 -3.628793109911003e-03 
 2.082930000000000e-03 -2.905456540668294e-01  1.222659354784955e-01 -2.590169691141058e-01  9.528835587535313e-03 -3.852173449156874e-03  3.503306611456763e-03 
 2.294190000000000e-03  6.417427984430727e-01  3.244698204952908e-01  1.676207210066995e-01 -2.900942114021528e-03 -1.287108108807183e-03  2.387976302406227e-03 
 2.402920000000000e-03  2.758070073667055e-02  3.690689328201577e-01  6.527523857086853e-03  9.982838411977436e-02 -1.821507955918936e-03 -2.280663090036971e-04 
 3.162070000000000e-03  2.165307809820916e-01 -4.865269789501799e-02 -9.762954939963627e-03 -8.798259565755837e-02 -7.090603738985232e-02 -2.304932175358819e-03 
 2.367640000000000e-03  2.646338454739084e-02  3.782304580960730e-01  9.899128489540608e-03 -9.600688417505586e-02 -9.611657561430231e-03 -1.812290383058253e-03 
 2.866570000000000e-03 -4.875598113275617e-01  1.235211869361362e-01 -9.308576167398055e-02 -8.782664215880006e-03 -7.885561135513933e-02  7.963209144215205e-04 
 1.529780000000000e-03 -1.395639192548302e+00  2.444573930554623e-01  1.148326686052696e-01 -1.597578071093652e-02  2.735348656000108e-03  3.406735477761513e-03 
 2.332660000000000e-03 -5.294437213007851e-01  2.156111881853821e-01 -2.152825404952464e-01 -1.925160672545332e-03  1.314641125272334e-02  2.281673610073257e-04 
 2.906880000000000e-03  3.356732818679486e-01  7.785618358880531e-02  1.121388334332125e-01  1.333566909912073e-03  8.065412329105261e-02 -2.187881368170369e-04 
 2.787510000000000e-03 -5.718426891390938e-02 -2.088347513066097e-01 -1.152446707874727e-01  1.162053142884266e-01  1.636614979079250e-03  1.699753879492653e-03 
 3.855520000000000e-03  2.448561424363120e-01  1.344584294931073e-01  8.920654426235443e-03  1.496394747520013e-03 -2.429925309438166e-03 -1.716688543466607e-02 
 3.447940000000000e-03  9.263804888602314e-02 -1.155059851262011e-01  1.103780040393758e-01  1.779401319622198e-03 -6.896339174309421e-02 -3.424898895361364e-03 
 3.364320000000000e-03 -1.234850284293671e-01  1.240722973034666e-01  9.444787291946008e-02  8.280322279474292e-03  7.017885409954312e-02  3.052244031898161e-03 
 2.549520000000000e-03 -8.345017780473456e-01 -2.384878835623683e-01  2.410106923158145e-02  9.989866398072074e-02 -6.802674845347207e-03  3.558970518942314e-03 
 1.154950000000000e-03 -1.241562074339174e+00  4.569279550971150e-01  2.402015800836901e-03  8.372402199890692e-03 -1.718555672273936e-03  9.890939430225471e-04 
 2.287120000000000e-03 -8.038934179589992e-01  3.080043706669254e-01  3.441227564074240e-03 -8.666993195694729e-02 -5.609428728165847e-03  1.949059239707498e-03 
 2.138490000000000e-03  5.358371213318003e-01  3.607126614787799e-01 -1.785708527963700e-03 -9.294409360952835e-02  1.771701882309733e-03 -3.898376649094316e-04 
 2.004010000000000e-03 -6.151976135037209e-01  4.154342655466712e-01  1.195243159772666e-01 -8.571651766315332e-03  1.362975310639443e-03 -1.635772398061634e-03 
 2.366180000000000e-03 -9.194422569324960e-01  1.626001483567959e-01 -9.480858129917351e-02 -8.255759017675630e-02  1.305749509989333e-02  9.162449048659246e-04 
 2.332900000000000e-03  7.548939709504027e-01 -2.144364949972388e-02 -2.292120927932236e-01  7.182131130426671e-03  3.886677845341990e-03 -3.954820605037439e-04 
 2.808800000000000e-03  7.008919182907060e-01 -1.013339435170520e-01 -6.637421019744016e-02  1.124296336948804e-01  2.198489883114822e-02 -9.136740647501303e-04 
 2.120210000000000e-03  7.279388170365320e-01 -3.282928912699170e-01 -1.855697849684530e-02  9.494080292441716e-02  2.383599322568464e-03 -1.774360139938653e-03 
 1.746040000000000e-03  1.018362852656025e+00 -1.222688340095254e-01 -2.200701640687953e-01 -7.005252357964570e-03 -2.105294286585489e-03 -1.265859560266065e-04 
 1.655240000000000e-03  1.411427472697968e+00  1.138278710752972e-01  5.860632130626973e-03  7.991145787373709e-02 -2.987943175737025e-03  1.254471203572403e-03 
 2.105820000000000e-03  2.763282211703189e-01 -4.225208812031223e-01 -1.332058127409240e-01 -9.734640417115890e-04 -2.670625274199177e-03 -1.031979898639364e-03 
 2.644350000000000e-03  9.918659867898719e-01  9.405756939426385e-03  6.441824480153321e-03  1.488552403535002e-03 -7.435651311254383e-02  1.774972816442800e-03 
 3.176530000000000e-03 -2.724983929186108e-01  4.148323024239151e-02 -1.048000893676088e-01  4.470488613419535e-02  7.277420504118060e-02  2.839856730661972e-04 
 3.114700000000000e-03  1.620956702740355e-02 -2.519420416853926e-01 -3.733512876183557e-04  2.292973116218374e-03 -7.200860509678056e-02  2.173459853698481e-03 
 1.596150000000000e-03  9.349207674781881e-01 -3.745545696260046e-01 -1.496786756202645e-01 -4.559261865803195e-03  3.651221549570412e-03 -1.695037760918149e-03 
 2.298650000000000e-03  8.061161393118456e-01  2.085459599772802e-01 -1.659365952228824e-01  4.057069173682558e-02  5.911054522371983e-03  4.925504005517271e-04 
 2.623280000000000e-03 -6.303806242008797e-01 -1.014339117267353e-01 -1.578065537885271e-01 -8.579968141568312e-02 -1.037556483713668e-02 -6.096184239733894e-04 
 3.118670000000000e-03  5.122902444739242e-01 -1.693913668954088e-02 -2.115954218426284e-02  1.306660856681530e-01 -9.006313831935678e-04  3.702332770619787e-04 
 2.660100000000000e-03 -1.981072533135245e-01  2.407644180529336e-01  1.459809510161461e-01 -7.827575568369718e-02  5.355721472838647e-03 -1.009882843463070e-03 
 1.857720000000000e-03  6.611157630546708e-01  3.801604854743323e-01 -1.541778957679577e-01  9.910439451525864e-04 -4.443881929764546e-03 -1.398504120259283e-03 
 1.859340000000000e-03 -4.210125829324112e-01 -3.970238207532493e-01 -1.676450063737474e-01  1.551630933300948e-02  5.877373374534438e-03  3.569392538264839e-04 
 2.230480000000000e-03  4.178976186319773e-02 -1.236040395160950e-01  2.664318394242911e-01  3.990426396481577e-03  6.018120280065814e-04  1.824993825444510e-03 
 2.450380000000000e-03  1.215042672871599e+00 -9.312870286772047e-02  8.246484019179465e-03 -5.463788139006755e-02 -1.716838036273350e-03  4.860261093361166e-04 
 3.240520000000000e-03  1.192087539748191e-01  1.057828820928639e-01  1.016769161287258e-01  2.384351782082936e-03  7.699795190100694e-02  3.266063199766350e-03 
 3.002520000000000e-03  6.329001141216868e-02 -2.944569199030053e-03  1.530399006104429e-01 -1.088964983351291e-01  2.838094584360126e-03 -1.009669657359790e-03 
 1.693930000000000e-03  1.252130102305284e+00  2.862513305785938e-01 -1.224866877693575e-01  9.951232189529497e-03  2.108419731880460e-03  4.232743318176876e-03 
 1.201100000000000e-03  1.162343548839645e+00 -4.725167232855337e-01  2.728725195159256e-03 -8.037950292064337e-03  6.281533675075769e-04 -1.584681674630565e-03 
 3.020270000000000e-03 -1.862621471596808e-01 -2.588935495269441e-01  1.248683778929974e-03  1.396948707679015e-02 -7.439637441365388e-02  6.221541182641858e-03 
 2.509070000000000e-03  2.120489432915969e-01 -2.231947745425567e-01 -1.564405915280671e-01 -1.028072649811198e-01 -5.877080118768563e-03 -9.375111017034459e-04 
 1.980880000000000e-03 -1.094245169783149e+00  1.467935445895025e-01 -1.948615955059105e-01  1.841222205691735e-02 -5.957473847722367e-04  1.126810987733493e-03 
 2.777790000000000e-03 -3.517419251989753e-01  1.753102516746589e-01  6.324240027815101e-02 -1.176587500833705e-01 -1.910374908892764e-02 -4.180251709242726e-04 
 2.894870000000000e-03 -3.697726852796642e-01  3.586162403144507e-04  1.558984895121432e-01 -1.040149698000134e-01  1.585021390504256e-02 -1.664820694660396e-03 
 2.875100000000000e-03  6.793513964915960e-01  8.297318656536568e-02 -9.309522483395814e-02 -1.046016802543343e-01 -2.231962755770730e-02  2.351460760861592e-03 
 2.698570000000000e-03 -4.224287442500151e-01  5.724467239242973e-03 -1.941267823629849e-01 -8.784663713865658e-02 -4.585100181468564e-03 -1.509597839605374e-03 
 2.735350000000000e-03 -6.786149165149437e-01 -7.951516121544935e-02  1.444326865904607e-03 -1.208885383437606e-01  2.053302042532376e-02  6.515998897575016e-05 
 1.376530000000000e-03  1.595732620408105e+00  1.296473399027302e-01  1.155621411620045e-01 -9.645935407675790e-03  5.411734903285943e-04  1.024698131044699e-03 
 2.125830000000000e-03 -1.162985503173021e+00 -3.864619256901362e-02  1.148341752580560e-01  7.394811806514685e-02  1.602604177562710e-03  4.931217505112663e-04 
 2.643130000000000e-03  7.661100886089374e-01 -1.653694119833055e-01  4.280267508656652e-02  4.452335331261449e-03  7.208755317367943e-02  1.042235619887624e-03 
 2.941400000000000e-03 -8.684585998953218e-01  7.227862152700895e-03  1.116305027054656e-02 -1.026778602540791e-01 -9.516963013605819e-03 -2.330094704803244e-04 
 3.209330000000000e-03  3.584266209643363e-01  9.315528831690753e-02 -9.814461745083733e-02  2.653837317727119e-04  7.324108758954752e-02  1.548888699056375e-03 
 2.452780000000000e-03 -5.013599168109116e-01 -1.610989128973595e-01 -2.015408075504971e-01  6.452568831542468e-02 -1.762995585140448e-04  7.131516052216374e-04 
 1.962610000000000e-03  1.112383405140030e+00 -4.954868828412114e-02  1.252407651838154e-01  8.738094572284143e-02  6.381851602385265e-04 -4.755025761769103e-04 
 2.438070000000000e-03 -7.644207657800170e-02 -3.674450353520627e-01  5.862687918048259e-03 -9.446149736523325e-02  3.775941017506492e-03 -5.356918085612021e-04 
 1.973250000000000e-03  1.015264767457681e+00  2.355712152180366e-01 -8.074893291851681e-03  1.039061266250522e-01 -1.699440824116955e-02 -1.279233964007813e-04 
 2.835790000000000e-03 -1.513607077687303e-01  1.001620910175659e-02  1.468760883999985e-01  1.165703919239465e-01 -5.834726179166076e-03 -2.121608584392192e-03 
 2.348870000000000e-03 -9.630619142863042e-01  2.324380132703314e-01 -5.791558931897837e-03  8.217335337735705e-02 -3.838994967832903e-03  4.590169487067377e-04 
 2.077210000000000e-03  1.113740717068712e+00 -5.292498098021140e-02 -9.261102257186940e-02  8.984938602121785e-02 -1.640054766610469e-03  2.505600608670419e-03 
 2.197450000000000e-03 -1.206671285517397e+00 -1.262223822585203e-01  2.388958071592265e-03 -7.703206475685169e-02 -2.776480183797162e-03 -1.392261249274825e-03 
 1.939680000000000e-03  9.261879022239884e-01 -3.793109527541185e-01  8.691745463117580e-02 -8.255664273919989e-04  3.473790598939352e-03 -1.268961893955514e-03 
 2.229650000000000e-03  1.439392606731790e-01  1.131918152576730e-01  2.577643389415046e-01 -1.762664820810130e-03 -4.473111009691228e-03 -5.614663532673651e-04 
 2.434130000000000e-03 -2.122004026072392e-01 -8.335636579318768e-02  2.549493015124276e-01 -5.083021111561313e-03  3.602513950566933e-03 -2.960344410851446e-03 
 2.447040000000000e-03 -8.053898461037439e-01  9.609906562899624e-03  2.086466358023457e-01 -2.697728524959508e-02  5.419686426034723e-03 -1.310647540075787e-03 
 1.507680000000000e-03 -1.472408475898948e+00  2.323248949322263e-02 -8.949154223343260e-03 -9.008301757293713e-02 -7.461507757037984e-03 -1.006475298486732e-03 
 2.133120000000000e-03 -8.593865184062724e-01  6.128007106179019e-03 -2.143437757446957e-01 -4.024703157237855e-02 -1.009641174684098e-02  2.133053748796484e-04 
 2.230270000000000e-03 -6.045695388320493e-01 -3.250877573101470e-01 -5.237794979647033e-02  1.021886440843550e-01  6.016837931504254e-03  1.298459402251047e-03 
 2.650420000000000e-03 -4.307729420274452e-01  2.520271040565382e-02 -1.715841256976665e-01  9.785596743133054e-02 -2.210574474491778e-03  4.296616381682693e-06 
 1.280120000000000e-03  1.606311970785219e+00 -1.360939242685387e-01  1.280132291096166e-01  1.523565592109042e-02  1.167186865190348e-03 -2.350954661685919e-04 
 3.612660000000000e-03 -4.924561843182988e-01 -6.821101202505726e-02 -4.806795130173138e-02 -7.627587278169107e-03 -6.453877599611187e-02 -9.927934759995842e-04 
 2.935540000000000e-03  3.615656931963254e-01  1.050396246630435e-01  5.627138771254019e-03  1.333499038842482e-01 -1.181488368845045e-02  2.206215652598652e-03 
 2.559420000000000e-03 -7.780194856461613e-01 -1.519025980249601e-01 -1.504761539282974e-01  7.569753243556321e-02  2.089059252845261e-03  1.078240251990976e-03 
 2.783560000000000e-03  4.037162702635675e-01 -3.276689010548935e-01 -1.261837434750298e-03  8.867838049114468e-02 -1.767187770078541e-02  1.397631332352673e-03 
 3.811350000000000e-03 -2.934512464162701e-02  7.628230087013869e-02  9.531485955139471e-02 -6.581263899705972e-04 -6.647923101156256e-02  2.132087938266340e-03 
 2.666250000000000e-03  1.174710028629108e+00  1.007667620862618e-01  6.199957553438072e-03  5.824942560696298e-02  7.575377718991562e-03 -9.758606653206143e-04 
 9.665900000000000e-04 -1.487731539588602e+00 -4.072675253137542e-01  1.638725946486972e-02 -1.579422912835857e-04 -9.820594321553622e-04 -1.756454476647988e-03 
 3.373600000000000e-03 -2.363627421271648e-01  1.149661186875457e-01 -8.460078366532199e-02 -6.356395985985190e-03 -7.889849362648774e-02 -4.796318033542967e-03 
 1.978090000000000e-03  3.967364076047503e-01  4.038640639657022e-01  1.627974308520651e-01  1.191337699106052e-03 -2.065180405557145e-03 -4.418305740223442e-04 
 2.398490000000000e-03 -1.836410796292076e-01  2.417141645662818e-01 -1.510142381639346e-01  9.173632690554483e-02 -6.268249043331877e-03 -3.038247625020940e-03 
 2.851100000000000e-03  4.077611655133753e-01 -1.434871166562214e-01  1.028619610224845e-01  1.115886505439739e-03  7.455299082558084e-02  1.925765807713915e-03 
 2.936050000000000e-03  2.189385716919121e-01  3.182193394646980e-02 -1.777957649647254e-02 -1.010933856067817e-01  6.848250235232013e-02  3.882254008711422e-04 
 2.070250000000000e-03  5.713173535926157e-01 -4.214105812219458e-01  1.116099027192181e-01 -2.602573308844191e-03 -1.181997070215460e-03  1.845425752954402e-03 
 2.676950000000000e-03 -9.317254304221072e-01 -8.893067029459178e-02  6.921449359511975e-03  2.542251646798274e-02  7.690935654097772e-02  1.737845509701453e-03 
 2.956310000000000e-03 -4.601620658897416e-01 -1.502144521255679e-01  3.219767420101872e-02 -1.235102417405742e-01 -1.656967300503400e-02  1.195975540417906e-04 
 3.240050000000000e-03 -4.101885553992941e-01 -1.026369572825281e-01 -1.662074838528299e-02  1.268678418779378e-01  2.353740768020839e-02  2.734326019122500e-04 
 2.738700000000000e-03  2.758885396423725e-02  2.331035586624022e-01 -1.345137484089217e-01 -9.650538236172765e-02  2.982837621092421e-04 -1.234220883875824e-04 
 2.249430000000000e-03 -1.058066315229717e+00 -1.044519453127316e-02 -9.669483282861982e-02 -9.439869283569624e-02  3.710559186593653e-03 -8.019523041594486e-04 
 2.397420000000000e-03 -5.146245331422158e-01  3.290677399511455e-01 -4.171026992608722e-02  9.329594266622426e-02 -5.971894210139243e-03  2.980362411302556e-04 
 3.118950000000000e-03  2.913751148525056e-01 -2.521643677905616e-01 -1.044741197509584e-02 -3.191529740819520e-04  7.087288818958729e-02  5.641030592322848e-04 
 2.511110000000000e-03 -5.106648917002827e-01 -2.490263395062038e-01  1.021343130013324e-01  9.452534036416467e-02  7.960475045411905e-03 -8.437280456550370e-05 
 3.207490000000000e-03 -7.468171002111575e-01  1.023209632913909e-02 -8.305567086346685e-02  3.206148302354931e-03  5.195969280194906e-02  1.817114387485002e-03 
 2.766060000000000e-03  6.493893962504415e-01  1.273248596694848e-01  9.141937440837847e-02  1.051644738624309e-01  1.638126178858844e-02 -9.966851272068217e-04 
 3.162890000000000e-03 -2.795180866005565e-01  6.457400336048980e-02  8.503287122653984e-03  1.349512472699367e-01 -1.422391044804744e-02 -3.465259926000091e-04 
 2.648900000000000e-03  8.799675520059418e-01 -1.940424016282234e-01 -9.254367336669049e-02  6.488826355641771e-02 -9.249699416304073e-03 -4.236947909020274e-04 
 2.830730000000000e-03 -3.728628544161401e-01  2.008513053532220e-01 -1.002855327267157e-01  9.912430808111537e-02  1.350331981809459e-02  3.328006653720609e-04 
 2.794380000000000e-03  4.925025021641261e-01  1.847779604497800e-01 -1.093164681060727e-01  1.046075112094409e-01  9.892458882055467e-03  8.966383998003021e-04 
 2.031450000000000e-03  2.705739839289031e-01 -4.301475024246268e-01  1.298474253174227e-01 -6.065761328522369e-04  1.014821808890279e-03 -4.397177201033625e-04 
 3.029980000000000e-03 -3.664477069393762e-01  2.293909944448395e-01  3.860845431152809e-02  3.549021179211889e-02 -7.368205576538585e-02  1.647371444934308e-03 
 2.367000000000000e-03  5.823717767822892e-01  9.488473795299360e-02  2.342466334439869e-01 -5.009953059367217e-03  9.474987613099747e-04  5.563098941870118e-04 
 2.228150000000000e-03 -4.649425793406353e-02  8.726197158340361e-02 -2.650896862875403e-01 -3.996229490995634e-03 -1.950908968830517e-03  6.288180366758128e-04 
 1.661960000000000e-03  1.278722887140312e+00 -2.465874885985925e-01 -1.474684877214327e-01 -1.494975594277149e-02 -4.786629286179966e-04 -2.762460458487088e-03 
 3.113200000000000e-03  1.364716852218562e-01  2.496079471144495e-01 -1.943909828035925e-02  1.193033092369967e-03 -7.703077725436829e-02  1.353909170809303e-03 
 3.259690000000000e-03  7.912080149695883e-01 -3.968627822199567e-02 -6.590240929432509e-03  2.937485294148064e-03 -6.152037222678279e-02  2.174851161023118e-04 
 2.319630000000000e-03  8.802853068629466e-01  1.016422276040729e-01 -1.357598725281890e-01 -8.920002729578680e-02 -4.851490664837737e-03 -1.829271076635356e-03 
 1.759000000000000e-03 -1.137301720218381e+00  1.815895657506942e-01  1.906719833435583e-01  7.109194613552548e-03  3.850767762118523e-04 -2.692965476480852e-03 
 3.054680000000000e-03 -1.548668164225228e-01 -1.083743016002141e-01  1.060239639271692e-02 -1.197325424116878e-01  3.447943297608821e-02  4.443606723620651e-03 
 3.013090000000000e-03  3.414471976794660e-01 -1.443855828686891e-01  1.178201760293187e-02  1.343093498308770e-01  1.565330717117583e-02 -1.423774263344126e-03 
 2.740000000000000e-03  9.689392188476598e-01 -6.474827709942604e-02  1.348018735662085e-02  4.305285273099038e-04  6.900194246787565e-02  5.910561387579480e-04 
 2.836670000000000e-03  5.530374744261387e-01 -2.609406745001726e-01 -2.208650907078875e-02 -2.526054507606489e-03  5.784125718744762e-02 -2.283263549831100e-03 
 1.037130000000000e-03 -1.624169175416909e+00  3.391442416997106e-01 -1.844148006889948e-02  4.775865730035052e-05  2.484558777847243e-03  3.485902870821589e-03 
 2.186020000000000e-03 -6.389244090983801e-01  2.119621424248286e-02 -2.396539149176329e-01  2.669492119074148e-02 -1.311662088860519e-02  2.311816383891018e-03 
 2.723460000000000e-03  3.977670223960692e-01 -3.280271090569018e-01  1.085077390483745e-03 -9.257323993058869e-02 -1.420520294218182e-02  2.794551754522412e-03 
 2.184990000000000e-03 -7.550535323895844e-01  2.362507785043230e-01  2.016398589429318e-01  1.172413405431123e-02  1.829761278523043e-03 -2.788808957652158e-04 
 2.500240000000000e-03 -7.556647161461774e-01 -2.996307122686879e-01 -7.916620304366011e-03 -6.358702936544131e-02  2.017284779759961e-02 -7.622262613275924e-05 
 2.896920000000000e-03  2.439218677738592e-01  2.211287894857414e-01  1.203451480836473e-01  9.784325417798886e-02 -1.332115802809077e-04 -5.860951109815735e-04 
 2.306810000000000e-03 -9.344528226605044e-01  5.239882339804932e-02  1.382993788354908e-01  9.527539969985363e-02 -7.328307803138461e-03  4.872080172644109e-04 
 1.685580000000000e-03  1.351169496831739e+00 -1.164402601744163e-01 -9.486712022204871e-03  9.276814692659231e-02  7.500664785311062e-04  9.141123168733503e-05 
 2.925930000000000e-03  4.603470206981628e-01 -1.933435058343666e-02  1.527976801528894e-01  1.003379906639584e-01 -6.050551971697128e-04 -5.817332312227946e-04 
 3.355680000000000e-03  1.077548481326216e-01 -1.399562675884174e-01  5.829996528885363e-03 -1.217690657354226e-01  2.707864193136577e-02  1.244952686422183e-03 
 2.421410000000000e-03 -6.502462258057949e-02 -3.739919915186604e-01 -1.585259869682423e-03  8.978717046528449e-02  1.117825697640788e-02  6.026814442284920e-04 
 3.164350000000000e-03 -1.892145154548424e-02  4.525336420028773e-02 -7.526039426234220e-03 -1.012347723896065e-01  6.809096019437991e-02  1.200812347655111e-03 
 2.743920000000000e-03  7.952412068554069e-01  1.468173734533312e-01  1.798557868275717e-02  5.015266422872761e-03 -7.198022193722045e-02 -2.484055258993768e-04 
 2.817590000000000e-03 -1.551984903243347e-01  2.344726140499391e-02  1.487256823416886e-01 -1.191424605833606e-01 -4.410943017049644e-03  3.969803177921793e-04 
 2.219450000000000e-03  3.926877788761876e-01 -2.563744814796503e-01 -2.115678083830138e-01  3.260847854421412e-03  1.988363441083738e-02  2.459470204341501e-03 
 2.824520000000000e-03  6.817289788403016e-01  8.753266411137803e-02 -9.028290661973183e-02  1.062221988722286e-01 -2.042782899946427e-02  1.348446866972465e-03 
 3.041050000000000e-03 -2.967995473920823e-01 -2.564454061661743e-02 -1.661136928059492e-02 -1.207691750959190e-01 -5.456293324027949e-02  5.191448304302262e-03 
 2.574300000000000e-03  9.242673223456064e-01  1.595708493653812e-01 -2.769247401630650e-03 -1.750526383467906e-03  5.927385878895478e-02 -2.331863969331564e-03 
 3.924360000000000e-03  4.948139518526762e-01  9.327321863255404e-02  3.594984798755476e-02 -1.130045439800881e-04  5.326792593407654e-02 -1.533526375049698e-04 
 3.139620000000000e-03 -1.031576149149150e-01  1.444475808031807e-01 -5.515654174526265e-03  1.278960121140916e-01 -1.427261807399761e-02  6.102357475328231e-04 
 2.936120000000000e-03  4.583025309392102e-01 -1.955414861790761e-02  1.511895268001785e-01 -1.004076282060788e-01 -1.014817364382977e-03 -3.867857972286599e-04 
 1.107550000000000e-03  7.644213260434936e-01 -5.486812869330179e-01 -6.648525819958280e-03 -5.612872303095088e-03  3.465580919421193e-03 -2.572043772425811e-03 
 2.958160000000000e-03 -1.042144961002993e+00  8.381999707617815e-02  1.043206647937056e-02  1.380109334629600e-02  6.871941599585138e-03 -8.953845651073043e-04 
 3.385730000000000e-03  7.510083842010732e-01  4.539440149473326e-02 -1.913379700716340e-03 -2.569924236543227e-03  6.817211799589623e-02 -2.024264210036115e-04 
 2.413220000000000e-03 -5.859457202396781e-01 -2.266373076287989e-01  1.348963016316938e-01 -7.380280436685441e-02  8.181241879138377e-03 -2.164347225708532e-03 
 2.507610000000000e-03  2.100679796010877e-01 -2.250046794869131e-01 -1.633985489939673e-01  9.406656327261553e-02 -8.651614907722064e-03  3.878796039786179e-04 
 3.520550000000000e-03  2.130954163975395e-01 -2.248527457425309e-01  6.664862868977604e-03 -1.181642560655780e-03 -5.720550972455894e-02 -1.080744830829042e-03 
 1.314360000000000e-03 -7.484818735407431e-01 -5.267140364611863e-01 -5.059182199928509e-02  6.052267930336892e-03 -1.250489690366073e-04 -1.678151560219901e-03 
 3.143560000000000e-03 -2.074641265413194e-02 -5.062099374633764e-02 -3.370995534702648e-03  9.874496670240138e-02 -6.846008186793971e-02 -1.159108049315874e-03 
 1.321360000000000e-03  1.579545192452863e+00  1.513323705172279e-01 -1.254001695949587e-01 -1.101209374322174e-02 -2.766876212609224e-03 -2.960093344871737e-03 
 1.644430000000000e-03 -1.436346929102288e+00  6.539582232283526e-02 -9.420424799493810e-03  8.887220485036421e-02  3.012720797287414e-04 -2.725955175061945e-03 
 3.034690000000000e-03  5.717465299167738e-01  3.811265846986930e-02 -1.122856207433915e-01  2.835561454511516e-03  6.428945276149275e-02 -5.399775502182647e-04 
 3.557580000000000e-03 -1.499468876523492e-01  7.680117641368080e-03 -1.056634191358606e-02  2.890424076964796e-03 -9.496981903733697e-03  6.687136619301519e-02 
 3.558420000000000e-03  9.353349054666500e-02 -3.933168375852542e-03 -3.229795958856369e-03  1.473472347830387e-03  4.202919129483492e-03 -6.775219900908419e-02 
 2.000720000000000e-03 -9.436509553512222e-02  3.964614549282912e-01  1.777631041618720e-01 -1.691483935633625e-04 -4.460621187862866e-05  6.213009675991335e-04 
 4.021010000000000e-03 -3.660989814724005e-02 -1.355362230904282e-01 -8.590128232793092e-05  7.315627024531706e-03  3.732432615002482e-02 -3.914407245494580e-03 
 2.423160000000000e-03 -5.097823850697270e-01  2.322578939944065e-01  1.440000415978157e-01  9.471785954019342e-02  8.997883016627529e-03  1.709894384347580e-03 
 2.986560000000000e-03  3.268154036414924e-01 -1.363796123537970e-01  1.101481418070942e-01  5.837144604044911e-04 -6.971213983453933e-02  2.485889732772554e-03 
 2.416970000000000e-03 -5.280580123882583e-01  2.106958519225952e-01  1.573482087930568e-01 -8.872868384349784e-02  1.051942823881612e-02 -1.877637755951211e-04 
 2.723220000000000e-03 -6.139895896324127e-01 -4.437080222322243e-02  1.469875615089068e-01 -8.289775967171945e-02 -2.608951024744014e-02  1.826142501068480e-03 
 2.413070000000000e-03  8.757288659862913e-01  6.167298019927597e-02  8.003977431119443e-02  1.138776654089746e-01  6.923943571648069e-03  1.482238087504106e-03 
 1.803380000000000e-03  1.307410283943074e+00  2.614166854966688e-02 -1.799098698884680e-01  3.934351186318415e-03 -5.161707993575616e-04  1.436128293321081e-04 
 2.769060000000000e-03  2.195318920025552e-02  2.335761824927568e-01 -1.441351586342609e-01  8.856934149689970e-02  1.424766950934839e-03 -8.870395873646093e-05 
 3.320920000000000e-03  3.530303960880231e-01 -2.395077592833591e-02  6.885427096011703e-03  4.840435191913613e-03  2.402368068175495e-03 -6.762232078669808e-02 
 3.122310000000000e-03 -3.786901511796810e-01  5.248008308197672e-02 -9.421392492424267e-03 -3.192759212781895e-03  8.129727002381679e-04  6.699921515981778e-02 
 2.862160000000000e-03  6.691214173341328e-01 -1.888380602845207e-01  2.144746135531543e-02  9.714398166135351e-04 -7.170214386718908e-02 -3.479970031721819e-04 
 2.476610000000000e-03  5.606789950685962e-01 -2.133491357661398e-01  1.006709667952566e-01  1.112669900540455e-01  1.690611834314328e-03  2.403024630294385e-04 
 2.357000000000000e-03  4.161977445776361e-01 -2.826415052053623e-01  1.902361386873209e-01 -8.759653727458444e-04 -1.061657373961895e-03  5.098195160327248e-04 
 1.927400000000000e-03  1.098050714425373e+00  1.880744763029195e-02  1.322854108143027e-01 -9.177776153027697e-02  6.514796391681444e-03  3.220938723815223e-03 
 2.260120000000000e-03 -8.594674352948026e-02  1.148717529382509e-01  2.601773849591756e-01  1.642453736226165e-03  1.150581136143702e-03 -8.008317369936025e-04 
 1.454250000000000e-03 -4.684206703593320e-01 -5.433843552914071e-01  2.481751048936356e-02  6.308464132072260e-03  2.919011219869878e-04 -1.679041303134042e-04 
 2.143130000000000e-03 -4.319957159658831e-03 -1.544487124418213e-01 -2.635747758418516e-01 -7.238776239249694e-04 -9.142919359816412e-04 -2.152319071164188e-05 
 2.923230000000000e-03  2.515612426127039e-01  7.191331322653825e-03  1.500954161156861e-01  1.034834111547251e-01 -1.000869395967663e-02  6.803587866169749e-04 
 1.082600000000000e-03 -1.880398935093161e+00 -2.028799365924195e-01 -5.068578104756780e-03 -2.679680953122710e-03 -2.983744435653397e-04  5.740948019371947e-04 
 1.402470000000000e-03  7.407627986338150e-01  5.242371206504707e-01  3.042335632348879e-02 -1.400731516964758e-03  1.134381833152173e-03  1.241109367111469e-03 
 2.890120000000000e-03  2.545924015274116e-01  2.124525999184634e-01 -1.194064482728398e-01  1.011154221142101e-01  7.601669180986298e-03  9.042991017961870e-04 
