  1.3172471997609950e-003 -1.5905532887350824e+000 -3.2052057136756035e-001 -1.0158981749478554e-001
  1.3172471997609950e-003 -1.5905532887350824e+000 -3.2052057136756035e-001  1.0158981749478554e-001
  2.7197040045848059e-003 -1.5905532887350824e+000 -9.6082907527623024e-002 -1.0158981749478554e-001
  2.7197040045848059e-003 -1.5905532887350824e+000 -9.6082907527623024e-002  1.0158981749478554e-001
  2.7197040045848051e-003 -1.5905532887350824e+000  9.6082907527623121e-002 -1.0158981749478554e-001
  2.7197040045848051e-003 -1.5905532887350824e+000  9.6082907527623121e-002  1.0158981749478554e-001
  1.3172471997609943e-003 -1.5905532887350824e+000  3.2052057136756035e-001 -1.0158981749478554e-001
  1.3172471997609943e-003 -1.5905532887350824e+000  3.2052057136756035e-001  1.0158981749478554e-001
  3.7786436015446461e-003 -1.1351120862908675e+000 -3.2052057136756035e-001 -1.0158981749478554e-001
  3.7786436015446461e-003 -1.1351120862908675e+000 -3.2052057136756035e-001  1.0158981749478554e-001
  7.8017187183122318e-003 -1.1351120862908675e+000 -9.6082907527623024e-002 -1.0158981749478554e-001
  7.8017187183122318e-003 -1.1351120862908675e+000 -9.6082907527623024e-002  1.0158981749478554e-001
  7.8017187183122292e-003 -1.1351120862908675e+000  9.6082907527623121e-002 -1.0158981749478554e-001
  7.8017187183122292e-003 -1.1351120862908675e+000  9.6082907527623121e-002  1.0158981749478554e-001
  3.7786436015446439e-003 -1.1351120862908675e+000  3.2052057136756035e-001 -1.0158981749478554e-001
  3.7786436015446439e-003 -1.1351120862908675e+000  3.2052057136756035e-001  1.0158981749478554e-001
  6.3077169620966876e-003 -8.1850922725339437e-001 -3.2052057136756035e-001 -1.0158981749478554e-001
  6.3077169620966876e-003 -8.1850922725339437e-001 -3.2052057136756035e-001  1.0158981749478554e-001
  1.3023465211931776e-002 -8.1850922725339437e-001 -9.6082907527623024e-002 -1.0158981749478554e-001
  1.3023465211931776e-002 -8.1850922725339437e-001 -9.6082907527623024e-002  1.0158981749478554e-001
  1.3023465211931772e-002 -8.1850922725339437e-001  9.6082907527623121e-002 -1.0158981749478554e-001
  1.3023465211931772e-002 -8.1850922725339437e-001  9.6082907527623121e-002  1.0158981749478554e-001
  6.3077169620966841e-003 -8.1850922725339437e-001  3.2052057136756035e-001 -1.0158981749478554e-001
  6.3077169620966841e-003 -8.1850922725339437e-001  3.2052057136756035e-001  1.0158981749478554e-001
  8.4795740749769640e-003 -5.5817517989001231e-001 -3.2052057136756035e-001 -1.0158981749478554e-001
  8.4795740749769640e-003 -5.5817517989001231e-001 -3.2052057136756035e-001  1.0158981749478554e-001
  1.7507671736233542e-002 -5.5817517989001231e-001 -9.6082907527623024e-002 -1.0158981749478554e-001
  1.7507671736233542e-002 -5.5817517989001231e-001 -9.6082907527623024e-002  1.0158981749478554e-001
  1.7507671736233535e-002 -5.5817517989001231e-001  9.6082907527623121e-002 -1.0158981749478554e-001
  1.7507671736233535e-002 -5.5817517989001231e-001  9.6082907527623121e-002  1.0158981749478554e-001
  8.4795740749769605e-003 -5.5817517989001231e-001  3.2052057136756035e-001 -1.0158981749478554e-001
  8.4795740749769605e-003 -5.5817517989001231e-001  3.2052057136756035e-001  1.0158981749478554e-001
  1.0044399182698935e-002 -3.2585160444508365e-001 -3.2052057136756035e-001 -1.0158981749478554e-001
  1.0044399182698935e-002 -3.2585160444508365e-001 -3.2052057136756035e-001  1.0158981749478554e-001
  2.0738546785896570e-002 -3.2585160444508365e-001 -9.6082907527623024e-002 -1.0158981749478554e-001
  2.0738546785896570e-002 -3.2585160444508365e-001 -9.6082907527623024e-002  1.0158981749478554e-001
  2.0738546785896567e-002 -3.2585160444508365e-001  9.6082907527623121e-002 -1.0158981749478554e-001
  2.0738546785896567e-002 -3.2585160444508365e-001  9.6082907527623121e-002  1.0158981749478554e-001
  1.0044399182698930e-002 -3.2585160444508365e-001  3.2052057136756035e-001 -1.0158981749478554e-001
  1.0044399182698930e-002 -3.2585160444508365e-001  3.2052057136756035e-001  1.0158981749478554e-001
  1.0859610013797772e-002 -1.0723079993805741e-001 -3.2052057136756035e-001 -1.0158981749478554e-001
  1.0859610013797772e-002 -1.0723079993805741e-001 -3.2052057136756035e-001  1.0158981749478554e-001
  2.2421702508165484e-002 -1.0723079993805741e-001 -9.6082907527623024e-002 -1.0158981749478554e-001
  2.2421702508165484e-002 -1.0723079993805741e-001 -9.6082907527623024e-002  1.0158981749478554e-001
  2.2421702508165477e-002 -1.0723079993805741e-001  9.6082907527623121e-002 -1.0158981749478554e-001
  2.2421702508165477e-002 -1.0723079993805741e-001  9.6082907527623121e-002  1.0158981749478554e-001
  1.0859610013797767e-002 -1.0723079993805741e-001  3.2052057136756035e-001 -1.0158981749478554e-001
  1.0859610013797767e-002 -1.0723079993805741e-001  3.2052057136756035e-001  1.0158981749478554e-001
  1.0859610013797772e-002  1.0723079993806377e-001 -3.2052057136756035e-001 -1.0158981749478554e-001
  1.0859610013797772e-002  1.0723079993806377e-001 -3.2052057136756035e-001  1.0158981749478554e-001
  2.2421702508165484e-002  1.0723079993806377e-001 -9.6082907527623024e-002 -1.0158981749478554e-001
  2.2421702508165484e-002  1.0723079993806377e-001 -9.6082907527623024e-002  1.0158981749478554e-001
  2.2421702508165477e-002  1.0723079993806377e-001  9.6082907527623121e-002 -1.0158981749478554e-001
  2.2421702508165477e-002  1.0723079993806377e-001  9.6082907527623121e-002  1.0158981749478554e-001
  1.0859610013797767e-002  1.0723079993806377e-001  3.2052057136756035e-001 -1.0158981749478554e-001
  1.0859610013797767e-002  1.0723079993806377e-001  3.2052057136756035e-001  1.0158981749478554e-001
  1.0044399182698853e-002  3.2585160444509131e-001 -3.2052057136756035e-001 -1.0158981749478554e-001
  1.0044399182698853e-002  3.2585160444509131e-001 -3.2052057136756035e-001  1.0158981749478554e-001
  2.0738546785896404e-002  3.2585160444509131e-001 -9.6082907527623024e-002 -1.0158981749478554e-001
  2.0738546785896404e-002  3.2585160444509131e-001 -9.6082907527623024e-002  1.0158981749478554e-001
  2.0738546785896397e-002  3.2585160444509131e-001  9.6082907527623121e-002 -1.0158981749478554e-001
  2.0738546785896397e-002  3.2585160444509131e-001  9.6082907527623121e-002  1.0158981749478554e-001
  1.0044399182698848e-002  3.2585160444509131e-001  3.2052057136756035e-001 -1.0158981749478554e-001
  1.0044399182698848e-002  3.2585160444509131e-001  3.2052057136756035e-001  1.0158981749478554e-001
  8.4795740749768825e-003  5.5817517989001875e-001 -3.2052057136756035e-001 -1.0158981749478554e-001
  8.4795740749768825e-003  5.5817517989001875e-001 -3.2052057136756035e-001  1.0158981749478554e-001
  1.7507671736233372e-002  5.5817517989001875e-001 -9.6082907527623024e-002 -1.0158981749478554e-001
  1.7507671736233372e-002  5.5817517989001875e-001 -9.6082907527623024e-002  1.0158981749478554e-001
  1.7507671736233368e-002  5.5817517989001875e-001  9.6082907527623121e-002 -1.0158981749478554e-001
  1.7507671736233368e-002  5.5817517989001875e-001  9.6082907527623121e-002  1.0158981749478554e-001
  8.4795740749768790e-003  5.5817517989001875e-001  3.2052057136756035e-001 -1.0158981749478554e-001
  8.4795740749768790e-003  5.5817517989001875e-001  3.2052057136756035e-001  1.0158981749478554e-001
  6.3077169620965965e-003  8.1850922725339881e-001 -3.2052057136756035e-001 -1.0158981749478554e-001
  6.3077169620965965e-003  8.1850922725339881e-001 -3.2052057136756035e-001  1.0158981749478554e-001
  1.3023465211931590e-002  8.1850922725339881e-001 -9.6082907527623024e-002 -1.0158981749478554e-001
  1.3023465211931590e-002  8.1850922725339881e-001 -9.6082907527623024e-002  1.0158981749478554e-001
  1.3023465211931585e-002  8.1850922725339881e-001  9.6082907527623121e-002 -1.0158981749478554e-001
  1.3023465211931585e-002  8.1850922725339881e-001  9.6082907527623121e-002  1.0158981749478554e-001
  6.3077169620965939e-003  8.1850922725339881e-001  3.2052057136756035e-001 -1.0158981749478554e-001
  6.3077169620965939e-003  8.1850922725339881e-001  3.2052057136756035e-001  1.0158981749478554e-001
  3.7786436015445910e-003  1.1351120862908699e+000 -3.2052057136756035e-001 -1.0158981749478554e-001
  3.7786436015445910e-003  1.1351120862908699e+000 -3.2052057136756035e-001  1.0158981749478554e-001
  7.8017187183121181e-003  1.1351120862908699e+000 -9.6082907527623024e-002 -1.0158981749478554e-001
  7.8017187183121181e-003  1.1351120862908699e+000 -9.6082907527623024e-002  1.0158981749478554e-001
  7.8017187183121155e-003  1.1351120862908699e+000  9.6082907527623121e-002 -1.0158981749478554e-001
  7.8017187183121155e-003  1.1351120862908699e+000  9.6082907527623121e-002  1.0158981749478554e-001
  3.7786436015445888e-003  1.1351120862908699e+000  3.2052057136756035e-001 -1.0158981749478554e-001
  3.7786436015445888e-003  1.1351120862908699e+000  3.2052057136756035e-001  1.0158981749478554e-001
  1.3172471997609950e-003  1.5905532887350811e+000 -3.2052057136756035e-001 -1.0158981749478554e-001
  1.3172471997609950e-003  1.5905532887350811e+000 -3.2052057136756035e-001  1.0158981749478554e-001
  2.7197040045848059e-003  1.5905532887350811e+000 -9.6082907527623024e-002 -1.0158981749478554e-001
  2.7197040045848059e-003  1.5905532887350811e+000 -9.6082907527623024e-002  1.0158981749478554e-001
  2.7197040045848051e-003  1.5905532887350811e+000  9.6082907527623121e-002 -1.0158981749478554e-001
  2.7197040045848051e-003  1.5905532887350811e+000  9.6082907527623121e-002  1.0158981749478554e-001
  1.3172471997609943e-003  1.5905532887350811e+000  3.2052057136756035e-001 -1.0158981749478554e-001
  1.3172471997609943e-003  1.5905532887350811e+000  3.2052057136756035e-001  1.0158981749478554e-001
