1  1
0.5  0.333333  0.666667  0.2  0.8  0.111111  0.888889  0.0588235  0.941176  0.030303  0.969697  0.0153846  0.984615  0.00775194  0.992248  0.00389105  0.996109  0.00194932  0.998051  0.00097561  0.999024  0.000488043  0.999512  0.000244081  0.999756  0.000122055  0.999878  6.10314e-005  0.999939  3.05166e-005  
2  1.41421
0.666667  0.5  0.8  0.333333  0.888889  0.2  0.941176  0.111111  0.969697  0.0588235  0.984615  0.030303  0.992248  0.0153846  0.996109  0.00775194  0.998051  0.00389105  0.999024  0.00194932  0.999512  0.00097561  0.999756  0.000488043  0.999878  0.000244081  0.999939  0.000122055  0.999969  6.10314e-005  
0.5  0.707107
0.333333  0.2  0.5  0.111111  0.666667  0.0588235  0.8  0.030303  0.888889  0.0153846  0.941176  0.00775194  0.969697  0.00389105  0.984615  0.00194932  0.992248  0.00097561  0.996109  0.000488043  0.998051  0.000244081  0.999024  0.000122055  0.999512  6.10314e-005  0.999756  3.05166e-005  0.999878  1.52586e-005  
4  2
0.8  0.666667  0.888889  0.5  0.941176  0.333333  0.969697  0.2  0.984615  0.111111  0.992248  0.0588235  0.996109  0.030303  0.998051  0.0153846  0.999024  0.00775194  0.999512  0.00389105  0.999756  0.00194932  0.999878  0.00097561  0.999939  0.000488043  0.999969  0.000244081  0.999985  0.000122055  
0.25  0.5
0.2  0.111111  0.333333  0.0588235  0.5  0.030303  0.666667  0.0153846  0.8  0.00775194  0.888889  0.00389105  0.941176  0.00194932  0.969697  0.00097561  0.984615  0.000488043  0.992248  0.000244081  0.996109  0.000122055  0.998051  6.10314e-005  0.999024  3.05166e-005  0.999512  1.52586e-005  0.999756  7.62934e-006  
8  2.82843
0.888889  0.8  0.941176  0.666667  0.969697  0.5  0.984615  0.333333  0.992248  0.2  0.996109  0.111111  0.998051  0.0588235  0.999024  0.030303  0.999512  0.0153846  0.999756  0.00775194  0.999878  0.00389105  0.999939  0.00194932  0.999969  0.00097561  0.999985  0.000488043  0.999992  0.000244081  
0.125  0.353553
0.111111  0.0588235  0.2  0.030303  0.333333  0.0153846  0.5  0.00775194  0.666667  0.00389105  0.8  0.00194932  0.888889  0.00097561  0.941176  0.000488043  0.969697  0.000244081  0.984615  0.000122055  0.992248  6.10314e-005  0.996109  3.05166e-005  0.998051  1.52586e-005  0.999024  7.62934e-006  0.999512  3.81468e-006  
16  4
0.941176  0.888889  0.969697  0.8  0.984615  0.666667  0.992248  0.5  0.996109  0.333333  0.998051  0.2  0.999024  0.111111  0.999512  0.0588235  0.999756  0.030303  0.999878  0.0153846  0.999939  0.00775194  0.999969  0.00389105  0.999985  0.00194932  0.999992  0.00097561  0.999996  0.000488043  
0.0625  0.25
0.0588235  0.030303  0.111111  0.0153846  0.2  0.00775194  0.333333  0.00389105  0.5  0.00194932  0.666667  0.00097561  0.8  0.000488043  0.888889  0.000244081  0.941176  0.000122055  0.969697  6.10314e-005  0.984615  3.05166e-005  0.992248  1.52586e-005  0.996109  7.62934e-006  0.998051  3.81468e-006  0.999024  1.90734e-006  
32  5.65685
0.969697  0.941176  0.984615  0.888889  0.992248  0.8  0.996109  0.666667  0.998051  0.5  0.999024  0.333333  0.999512  0.2  0.999756  0.111111  0.999878  0.0588235  0.999939  0.030303  0.999969  0.0153846  0.999985  0.00775194  0.999992  0.00389105  0.999996  0.00194932  0.999998  0.00097561  
0.03125  0.176777
0.030303  0.0153846  0.0588235  0.00775194  0.111111  0.00389105  0.2  0.00194932  0.333333  0.00097561  0.5  0.000488043  0.666667  0.000244081  0.8  0.000122055  0.888889  6.10314e-005  0.941176  3.05166e-005  0.969697  1.52586e-005  0.984615  7.62934e-006  0.992248  3.81468e-006  0.996109  1.90734e-006  0.998051  9.53673e-007  
64  8
0.984615  0.969697  0.992248  0.941176  0.996109  0.888889  0.998051  0.8  0.999024  0.666667  0.999512  0.5  0.999756  0.333333  0.999878  0.2  0.999939  0.111111  0.999969  0.0588235  0.999985  0.030303  0.999992  0.0153846  0.999996  0.00775194  0.999998  0.00389105  0.999999  0.00194932  
0.015625  0.125
0.0153846  0.00775194  0.030303  0.00389105  0.0588235  0.00194932  0.111111  0.00097561  0.2  0.000488043  0.333333  0.000244081  0.5  0.000122055  0.666667  6.10314e-005  0.8  3.05166e-005  0.888889  1.52586e-005  0.941176  7.62934e-006  0.969697  3.81468e-006  0.984615  1.90734e-006  0.992248  9.53673e-007  0.996109  4.76837e-007  
128  11.3137
0.992248  0.984615  0.996109  0.969697  0.998051  0.941176  0.999024  0.888889  0.999512  0.8  0.999756  0.666667  0.999878  0.5  0.999939  0.333333  0.999969  0.2  0.999985  0.111111  0.999992  0.0588235  0.999996  0.030303  0.999998  0.0153846  0.999999  0.00775194  1  0.00389105  
0.0078125  0.0883883
0.00775194  0.00389105  0.0153846  0.00194932  0.030303  0.00097561  0.0588235  0.000488043  0.111111  0.000244081  0.2  0.000122055  0.333333  6.10314e-005  0.5  3.05166e-005  0.666667  1.52586e-005  0.8  7.62934e-006  0.888889  3.81468e-006  0.941176  1.90734e-006  0.969697  9.53673e-007  0.984615  4.76837e-007  0.992248  2.38419e-007  
256  16
0.996109  0.992248  0.998051  0.984615  0.999024  0.969697  0.999512  0.941176  0.999756  0.888889  0.999878  0.8  0.999939  0.666667  0.999969  0.5  0.999985  0.333333  0.999992  0.2  0.999996  0.111111  0.999998  0.0588235  0.999999  0.030303  1  0.0153846  1  0.00775194  
0.00390625  0.0625
0.00389105  0.00194932  0.00775194  0.00097561  0.0153846  0.000488043  0.030303  0.000244081  0.0588235  0.000122055  0.111111  6.10314e-005  0.2  3.05166e-005  0.333333  1.52586e-005  0.5  7.62934e-006  0.666667  3.81468e-006  0.8  1.90734e-006  0.888889  9.53673e-007  0.941176  4.76837e-007  0.969697  2.38419e-007  0.984615  1.19209e-007  
512  22.6274
0.998051  0.996109  0.999024  0.992248  0.999512  0.984615  0.999756  0.969697  0.999878  0.941176  0.999939  0.888889  0.999969  0.8  0.999985  0.666667  0.999992  0.5  0.999996  0.333333  0.999998  0.2  0.999999  0.111111  1  0.0588235  1  0.030303  1  0.0153846  
0.00195313  0.0441942
0.00194932  0.00097561  0.00389105  0.000488043  0.00775194  0.000244081  0.0153846  0.000122055  0.030303  6.10314e-005  0.0588235  3.05166e-005  0.111111  1.52586e-005  0.2  7.62934e-006  0.333333  3.81468e-006  0.5  1.90734e-006  0.666667  9.53673e-007  0.8  4.76837e-007  0.888889  2.38419e-007  0.941176  1.19209e-007  0.969697  5.96046e-008  
1024  32
0.999024  0.998051  0.999512  0.996109  0.999756  0.992248  0.999878  0.984615  0.999939  0.969697  0.999969  0.941176  0.999985  0.888889  0.999992  0.8  0.999996  0.666667  0.999998  0.5  0.999999  0.333333  1  0.2  1  0.111111  1  0.0588235  1  0.030303  
0.000976563  0.03125
0.00097561  0.000488043  0.00194932  0.000244081  0.00389105  0.000122055  0.00775194  6.10314e-005  0.0153846  3.05166e-005  0.030303  1.52586e-005  0.0588235  7.62934e-006  0.111111  3.81468e-006  0.2  1.90734e-006  0.333333  9.53673e-007  0.5  4.76837e-007  0.666667  2.38419e-007  0.8  1.19209e-007  0.888889  5.96046e-008  0.941176  2.98023e-008  
2048  45.2548
0.999512  0.999024  0.999756  0.998051  0.999878  0.996109  0.999939  0.992248  0.999969  0.984615  0.999985  0.969697  0.999992  0.941176  0.999996  0.888889  0.999998  0.8  0.999999  0.666667  1  0.5  1  0.333333  1  0.2  1  0.111111  1  0.0588235  
0.000488281  0.0220971
0.000488043  0.000244081  0.00097561  0.000122055  0.00194932  6.10314e-005  0.00389105  3.05166e-005  0.00775194  1.52586e-005  0.0153846  7.62934e-006  0.030303  3.81468e-006  0.0588235  1.90734e-006  0.111111  9.53673e-007  0.2  4.76837e-007  0.333333  2.38419e-007  0.5  1.19209e-007  0.666667  5.96046e-008  0.8  2.98023e-008  0.888889  1.49012e-008  
4096  64
0.999756  0.999512  0.999878  0.999024  0.999939  0.998051  0.999969  0.996109  0.999985  0.992248  0.999992  0.984615  0.999996  0.969697  0.999998  0.941176  0.999999  0.888889  1  0.8  1  0.666667  1  0.5  1  0.333333  1  0.2  1  0.111111  
0.000244141  0.015625
0.000244081  0.000122055  0.000488043  6.10314e-005  0.00097561  3.05166e-005  0.00194932  1.52586e-005  0.00389105  7.62934e-006  0.00775194  3.81468e-006  0.0153846  1.90734e-006  0.030303  9.53673e-007  0.0588235  4.76837e-007  0.111111  2.38419e-007  0.2  1.19209e-007  0.333333  5.96046e-008  0.5  2.98023e-008  0.666667  1.49012e-008  0.8  7.45058e-009  
8192  90.5097
0.999878  0.999756  0.999939  0.999512  0.999969  0.999024  0.999985  0.998051  0.999992  0.996109  0.999996  0.992248  0.999998  0.984615  0.999999  0.969697  1  0.941176  1  0.888889  1  0.8  1  0.666667  1  0.5  1  0.333333  1  0.2  
0.00012207  0.0110485
0.000122055  6.10314e-005  0.000244081  3.05166e-005  0.000488043  1.52586e-005  0.00097561  7.62934e-006  0.00194932  3.81468e-006  0.00389105  1.90734e-006  0.00775194  9.53673e-007  0.0153846  4.76837e-007  0.030303  2.38419e-007  0.0588235  1.19209e-007  0.111111  5.96046e-008  0.2  2.98023e-008  0.333333  1.49012e-008  0.5  7.45058e-009  0.666667  3.72529e-009  
16384  128
0.999939  0.999878  0.999969  0.999756  0.999985  0.999512  0.999992  0.999024  0.999996  0.998051  0.999998  0.996109  0.999999  0.992248  1  0.984615  1  0.969697  1  0.941176  1  0.888889  1  0.8  1  0.666667  1  0.5  1  0.333333  
6.10352e-005  0.0078125
6.10314e-005  3.05166e-005  0.000122055  1.52586e-005  0.000244081  7.62934e-006  0.000488043  3.81468e-006  0.00097561  1.90734e-006  0.00194932  9.53673e-007  0.00389105  4.76837e-007  0.00775194  2.38419e-007  0.0153846  1.19209e-007  0.030303  5.96046e-008  0.0588235  2.98023e-008  0.111111  1.49012e-008  0.2  7.45058e-009  0.333333  3.72529e-009  0.5  1.86265e-009  
32768  181.019
0.999969  0.999939  0.999985  0.999878  0.999992  0.999756  0.999996  0.999512  0.999998  0.999024  0.999999  0.998051  1  0.996109  1  0.992248  1  0.984615  1  0.969697  1  0.941176  1  0.888889  1  0.8  1  0.666667  1  0.5  
