45.400000	9.100000	18.200000	27.200000	36.300000	40.900000	45.400000	54.500000	63.600000	81.700000	113.500000	136.200000
11.000000	0.491702	0.481868	0.481868	0.678549	0.442532	0.236017	0.747387	0.698217	0.373694	0.177013	0.098340
45.000000	0.511370	0.452366	0.658881	0.501536	0.344192	0.245851	0.255685	0.383528	0.383528	0.226183	0.157345
73.000000	0.531038	0.432698	0.816226	0.432698	0.324523	0.255685	0.226183	0.265519	0.295021	0.216349	0.167179
164.000000	0.442532	0.590043	0.590043	0.393362	0.314689	0.265519	0.226183	0.226183	0.245851	0.226183	0.206515
253.000000	0.432698	0.727719	0.531038	0.354026	0.304855	0.265519	0.226183	0.216349	0.216349	0.206515	0.196681
342.000000	0.462200	0.767055	0.472034	0.334357	0.295021	0.265519	0.226183	0.216349	0.216349	0.196681	0.186847
432.000000	0.550706	0.590043	0.432698	0.334357	0.295021	0.265519	0.236017	0.216349	0.206515	0.196681	0.186847
522.000000	0.658881	0.531038	0.413030	0.324523	0.295021	0.275353	0.236017	0.226183	0.216349	0.196681	0.186847
611.000000	0.737553	0.501536	0.403196	0.324523	0.295021	0.265519	0.236017	0.226183	0.206515	0.196681	0.186847
797.000000	0.747387	0.491702	0.383528	0.324523	0.304855	0.275353	0.245851	0.236017	0.206515	0.186847	0.177013
977.000000	0.678549	0.560541	0.452366	0.363860	0.324523	0.285187	0.245851	0.216349	0.186847	0.186847	0.186847
1156.000000	0.649047	0.550706	0.452366	0.373694	0.324523	0.295021	0.245851	0.216349	0.186847	0.186847	0.196681
1515.000000	0.619545	0.550706	0.472034	0.383528	0.334357	0.304855	0.245851	0.206515	0.177013	0.186847	0.196681
1874.000000	0.462200	0.452366	0.413030	0.373694	0.314689	0.295021	0.255685	0.226183	0.206515	0.216349	0.226183
0.000000	0.000000	0.000000	0.000000	0.000000	0.000000	0.000000	0.000000	0.000000	0.000000	0.000000	0.000000
82.000000	16.400000	32.800000	49.200000	65.600000	73.800000	82.000000	98.400000	114.800000	147.600000	205.100000	246.100000
11.000000	0.428067	0.501151	0.396745	0.751727	0.532473	0.219254	0.709964	0.563795	0.261016	0.083525	0.073085
45.000000	0.480270	0.428067	0.584676	0.511592	0.354982	0.240135	0.229694	0.323660	0.250576	0.114847	0.062644
73.000000	0.490711	0.428067	0.657761	0.469829	0.334101	0.250576	0.219254	0.229694	0.187932	0.104406	0.073085
164.000000	0.428067	0.522032	0.605558	0.396745	0.313219	0.261016	0.208813	0.187932	0.146169	0.114847	0.146169
253.000000	0.396745	0.751727	0.448948	0.302779	0.261016	0.219254	0.177491	0.156610	0.125288	0.156610	0.187932
342.000000	0.480270	0.584676	0.459389	0.334101	0.292338	0.261016	0.219254	0.187932	0.156610	0.177491	0.187932
432.000000	0.542914	0.522032	0.417626	0.323660	0.281898	0.250576	0.208813	0.177491	0.146169	0.177491	0.187932
522.000000	0.720405	0.501151	0.396745	0.323660	0.292338	0.261016	0.219254	0.198372	0.167050	0.177491	0.177491
611.000000	0.762167	0.459389	0.375863	0.313219	0.281898	0.250576	0.208813	0.187932	0.167050	0.167050	0.177491
797.000000	0.668202	0.490711	0.396745	0.323660	0.302779	0.271457	0.240135	0.219254	0.187932	0.156610	0.135728
977.000000	0.720405	0.574236	0.469829	0.386304	0.344541	0.302779	0.261016	0.219254	0.187932	0.187932	0.187932
1156.000000	0.709964	0.584676	0.480270	0.396745	0.344541	0.313219	0.261016	0.219254	0.187932	0.187932	0.198372
1515.000000	0.678642	0.574236	0.480270	0.396745	0.344541	0.302779	0.250576	0.208813	0.187932	0.187932	0.208813
1874.000000	0.501151	0.480270	0.428067	0.386304	0.344541	0.313219	0.271457	0.240135	0.219254	0.219254	0.229694
0.000000	0.000000	0.000000	0.000000	0.000000	0.000000	0.000000	0.000000	0.000000	0.000000	0.000000	0.000000
46.500000	9.300000	18.600000	27.900000	37.200000	41.900000	46.500000	55.800000	65.100000	83.700000	116.300000	139.600000
11.000000	0.414011	0.459012	0.387010	0.666017	0.450011	0.225006	0.486012	0.432011	0.216005	0.099003	0.090002
45.000000	0.450011	0.405010	0.531013	0.495013	0.342009	0.243006	0.225006	0.297008	0.261007	0.144004	0.081002
73.000000	0.450011	0.405010	0.603015	0.432011	0.297008	0.225006	0.189005	0.207005	0.207005	0.144004	0.108003
164.000000	0.414011	0.459012	0.675017	0.360009	0.288007	0.243006	0.198005	0.198005	0.216005	0.189005	0.162004
253.000000	0.387010	0.648016	0.432011	0.288007	0.243006	0.216005	0.189005	0.180005	0.189005	0.180005	0.180005
342.000000	0.396010	0.783020	0.396010	0.279007	0.252006	0.225006	0.198005	0.198005	0.207005	0.207005	0.207005
432.000000	0.486012	0.513013	0.351009	0.270007	0.252006	0.225006	0.207005	0.198005	0.207005	0.216005	0.216005
522.000000	0.657017	0.450011	0.342009	0.279007	0.252006	0.225006	0.207005	0.198005	0.198005	0.207005	0.207005
611.000000	0.738019	0.396010	0.324008	0.270007	0.243006	0.225006	0.207005	0.198005	0.198005	0.207005	0.207005
797.000000	0.711018	0.459012	0.342009	0.270007	0.243006	0.225006	0.207005	0.198005	0.180005	0.171004	0.162004
977.000000	0.630016	0.495013	0.396010	0.315008	0.279007	0.252006	0.207005	0.189005	0.162004	0.144004	0.153004
1156.000000	0.603015	0.495013	0.396010	0.324008	0.279007	0.252006	0.207005	0.180005	0.153004	0.144004	0.153004
1515.000000	0.558014	0.477012	0.405010	0.324008	0.279007	0.252006	0.207005	0.171004	0.144004	0.135003	0.153004
1874.000000	0.414011	0.396010	0.360009	0.324008	0.279007	0.261007	0.225006	0.198005	0.180005	0.180005	0.189005
0.000000	0.000000	0.000000	0.000000	0.000000	0.000000	0.000000	0.000000	0.000000	0.000000	0.000000	0.000000
51.100000	10.200000	20.400000	30.700000	40.900000	46.000000	51.100000	61.300000	71.600000	92.000000	127.800000	153.300000
11.000000	0.470629	0.585885	0.624303	0.480233	0.384187	0.278535	0.585885	0.672327	0.537861	0.441815	0.413001
45.000000	0.480233	0.566675	0.605094	0.489838	0.422605	0.374582	0.364977	0.403396	0.432210	0.393791	0.374582
73.000000	0.470629	0.653117	0.489838	0.326559	0.288140	0.249721	0.211303	0.192093	0.153675	0.124861	0.124861
164.000000	0.595489	0.672327	0.461024	0.316954	0.278535	0.249721	0.211303	0.192093	0.153675	0.124861	0.115256
253.000000	0.874025	0.566675	0.393791	0.288140	0.249721	0.220907	0.182489	0.163279	0.134465	0.096047	0.086442
342.000000	0.893234	0.633908	0.432210	0.316954	0.278535	0.249721	0.220907	0.192093	0.163279	0.134465	0.124861
432.000000	0.922048	0.653117	0.432210	0.316954	0.278535	0.259326	0.220907	0.192093	0.163279	0.144070	0.124861
522.000000	1.104536	0.605094	0.384187	0.288140	0.259326	0.240117	0.201698	0.182489	0.163279	0.144070	0.153675
611.000000	1.210188	0.576280	0.364977	0.278535	0.249721	0.230512	0.201698	0.182489	0.153675	0.144070	0.153675
797.000000	1.277420	0.432210	0.307349	0.259326	0.249721	0.240117	0.220907	0.201698	0.192093	0.172884	0.153675
977.000000	0.768373	0.499443	0.393791	0.316954	0.278535	0.249721	0.201698	0.172884	0.144070	0.144070	0.144070
1156.000000	0.662722	0.489838	0.393791	0.316954	0.288140	0.249721	0.201698	0.172884	0.144070	0.144070	0.144070
1515.000000	0.547466	0.480233	0.413001	0.336163	0.288140	0.249721	0.201698	0.172884	0.144070	0.144070	0.153675
1874.000000	0.403396	0.384187	0.355373	0.316954	0.278535	0.249721	0.211303	0.192093	0.172884	0.172884	0.182489
0.000000	0.000000	0.000000	0.000000	0.000000	0.000000	0.000000	0.000000	0.000000	0.000000	0.000000	0.000000
45.700000	9.100000	18.300000	27.400000	36.500000	41.100000	45.700000	54.800000	63.900000	82.200000	114.200000	137.000000
11.000000	0.130109	0.232338	0.325273	0.399621	0.353153	0.260218	0.631959	0.408915	0.455382	0.436795	0.446089
45.000000	0.315979	0.362447	0.381034	0.306686	0.269512	0.241631	0.390327	0.566904	0.520437	0.436795	0.418208
73.000000	0.427502	0.427502	0.390327	0.306686	0.278805	0.250925	0.315979	0.418208	0.511143	0.483263	0.492556
164.000000	0.557611	0.446089	0.353153	0.269512	0.250925	0.223044	0.223044	0.241631	0.343860	0.520437	0.613372
253.000000	0.613372	0.436795	0.334566	0.260218	0.232338	0.213751	0.195164	0.176577	0.130109	0.046468	0.046468
342.000000	0.631959	0.446089	0.334566	0.260218	0.232338	0.213751	0.185870	0.167283	0.111522	0.046468	0.046468
432.000000	0.631959	0.446089	0.334566	0.260218	0.232338	0.204457	0.176577	0.157990	0.102229	0.046468	0.046468
522.000000	0.566904	0.408915	0.315979	0.250925	0.223044	0.204457	0.176577	0.157990	0.130109	0.065055	0.046468
611.000000	0.557611	0.408915	0.306686	0.250925	0.223044	0.204457	0.176577	0.157990	0.120816	0.055761	0.046468
797.000000	0.427502	0.334566	0.278805	0.241631	0.223044	0.213751	0.185870	0.176577	0.157990	0.130109	0.120816
977.000000	0.594785	0.455382	0.343860	0.260218	0.223044	0.204457	0.157990	0.139403	0.111522	0.102229	0.111522
1156.000000	0.594785	0.464676	0.362447	0.269512	0.232338	0.204457	0.157990	0.130109	0.111522	0.102229	0.111522
1515.000000	0.594785	0.483263	0.381034	0.278805	0.232338	0.204457	0.157990	0.130109	0.102229	0.102229	0.120816
1874.000000	0.390327	0.371740	0.343860	0.269512	0.232338	0.223044	0.176577	0.167283	0.148696	0.157990	0.167283
0.000000	0.000000	0.000000	0.000000	0.000000	0.000000	0.000000	0.000000	0.000000	0.000000	0.000000	0.000000
48.300000	9.700000	19.300000	29.000000	38.600000	43.500000	48.300000	57.900000	67.600000	86.900000	120.700000	144.800000
11.000000	0.551081	0.514342	0.578635	0.670481	0.477603	0.293910	0.477603	0.495973	0.275540	0.119401	0.073477
45.000000	0.560265	0.495973	0.753144	0.532711	0.394941	0.303094	0.266356	0.303094	0.293910	0.174509	0.110216
73.000000	0.514342	0.551081	0.716405	0.440865	0.339833	0.275540	0.220432	0.220432	0.211248	0.156140	0.119401
164.000000	0.486788	0.743959	0.615373	0.404126	0.339833	0.284725	0.238802	0.211248	0.202063	0.174509	0.156140
253.000000	0.551081	0.817436	0.505157	0.358202	0.312279	0.275540	0.229617	0.211248	0.192878	0.165324	0.146955
342.000000	0.688851	0.624558	0.459234	0.349018	0.303094	0.275540	0.229617	0.211248	0.192878	0.174509	0.183694
432.000000	0.817436	0.560265	0.431680	0.339833	0.303094	0.275540	0.238802	0.211248	0.183694	0.183694	0.192878
522.000000	0.835806	0.541896	0.394941	0.321464	0.293910	0.266356	0.229617	0.211248	0.192878	0.183694	0.192878
611.000000	0.881729	0.523527	0.385756	0.312279	0.284725	0.257171	0.229617	0.211248	0.192878	0.183694	0.183694
797.000000	0.606189	0.468419	0.376572	0.321464	0.303094	0.275540	0.247986	0.238802	0.211248	0.192878	0.174509
977.000000	0.633743	0.532711	0.431680	0.349018	0.312279	0.284725	0.247986	0.220432	0.192878	0.183694	0.183694
1156.000000	0.597004	0.532711	0.431680	0.358202	0.321464	0.284725	0.247986	0.211248	0.192878	0.183694	0.192878
1515.000000	0.551081	0.541896	0.440865	0.376572	0.330648	0.293910	0.247986	0.211248	0.183694	0.192878	0.202063
1874.000000	0.422495	0.440865	0.385756	0.358202	0.312279	0.275540	0.257171	0.220432	0.202063	0.202063	0.211248
0.000000	0.000000	0.000000	0.000000	0.000000	0.000000	0.000000	0.000000	0.000000	0.000000	0.000000	0.000000
6.000000	1.200000	2.400000	3.600000	4.800000	5.400000	6.000000	7.200000	8.400000	10.900000	15.100000	18.100000
11.000000	0.590469	0.609214	0.571724	0.843527	0.627959	0.318666	0.890389	0.749802	0.581096	0.477999	0.290548
45.000000	0.637331	0.543606	0.909134	0.571724	0.431136	0.299921	0.262431	0.665449	1.218428	0.637331	0.609214
73.000000	0.571724	0.637331	0.796664	0.506116	0.403018	0.309293	0.271803	0.365528	0.731057	0.777919	0.721684
164.000000	0.534234	0.927880	0.646704	0.449881	0.384273	0.318666	0.271803	0.299921	0.421763	0.702939	0.759174
253.000000	0.702939	0.731057	0.543606	0.421763	0.374901	0.309293	0.281176	0.290548	0.346783	0.496744	0.562351
342.000000	0.881017	0.627959	0.506116	0.412391	0.374901	0.318666	0.290548	0.281176	0.318666	0.403018	0.431136
432.000000	0.946625	0.627959	0.487371	0.403018	0.365528	0.328038	0.290548	0.290548	0.309293	0.346783	0.346783
522.000000	0.777919	0.581096	0.468626	0.393646	0.365528	0.328038	0.299921	0.299921	0.318666	0.365528	0.384273
611.000000	0.768547	0.562351	0.459254	0.393646	0.365528	0.328038	0.299921	0.290548	0.309293	0.346783	0.356156
797.000000	0.552979	0.487371	0.431136	0.384273	0.365528	0.337411	0.318666	0.318666	0.328038	0.365528	0.374901
977.000000	0.731057	0.618586	0.515489	0.440508	0.393646	0.356156	0.309293	0.290548	0.262431	0.262431	0.271803
1156.000000	0.712312	0.627959	0.524861	0.449881	0.393646	0.365528	0.309293	0.281176	0.253058	0.253058	0.253058
1515.000000	0.684194	0.646704	0.543606	0.468626	0.393646	0.374901	0.309293	0.271803	0.243686	0.234313	0.243686
1874.000000	0.515489	0.543606	0.487371	0.449881	0.374901	0.365528	0.309293	0.290548	0.271803	0.271803	0.290548
0.000000	0.000000	0.000000	0.000000	0.000000	0.000000	0.000000	0.000000	0.000000	0.000000	0.000000	0.000000
44.100000	8.800000	17.600000	26.500000	35.300000	39.700000	44.100000	52.900000	61.700000	79.400000	110.300000	132.300000
11.000000	0.600850	0.533012	0.639614	0.697761	0.484556	0.290734	0.474865	0.494247	0.261660	0.125985	0.232587
45.000000	0.600850	0.523321	0.823745	0.562085	0.416718	0.319807	0.271351	0.319807	0.319807	0.193822	0.116293
73.000000	0.552394	0.571776	0.784981	0.484556	0.377954	0.310116	0.251969	0.261660	0.261660	0.193822	0.155058
164.000000	0.523321	0.746216	0.658996	0.445792	0.368263	0.319807	0.261660	0.242278	0.242278	0.213205	0.203514
253.000000	0.542703	0.949730	0.533012	0.377954	0.329498	0.290734	0.242278	0.222896	0.203514	0.184131	0.174440
342.000000	0.658996	0.746216	0.503938	0.377954	0.339189	0.300425	0.251969	0.232587	0.213205	0.193822	0.222896
432.000000	0.755907	0.688070	0.494247	0.368263	0.329498	0.300425	0.251969	0.232587	0.213205	0.213205	0.232587
522.000000	0.901274	0.639614	0.465174	0.368263	0.329498	0.300425	0.261660	0.232587	0.213205	0.213205	0.222896
611.000000	0.978803	0.591158	0.455483	0.358571	0.329498	0.290734	0.251969	0.232587	0.213205	0.213205	0.213205
797.000000	0.949730	0.639614	0.465174	0.368263	0.329498	0.300425	0.251969	0.232587	0.203514	0.213205	0.213205
977.000000	0.658996	0.571776	0.465174	0.387645	0.348880	0.319807	0.271351	0.242278	0.222896	0.222896	0.232587
1156.000000	0.620232	0.571776	0.465174	0.397336	0.358571	0.319807	0.271351	0.242278	0.213205	0.222896	0.222896
1515.000000	0.562085	0.562085	0.465174	0.407027	0.358571	0.319807	0.281043	0.232587	0.213205	0.213205	0.222896
1874.000000	0.465174	0.494247	0.426409	0.397336	0.358571	0.310116	0.281043	0.251969	0.232587	0.232587	0.242278
0.000000	0.000000	0.000000	0.000000	0.000000	0.000000	0.000000	0.000000	0.000000	0.000000	0.000000	0.000000
47.000000	9.400000	18.800000	28.200000	37.600000	42.300000	47.000000	56.400000	65.800000	84.500000	117.400000	140.900000
11.000000	0.470090	0.587612	0.646373	0.489677	0.372154	0.264425	0.430916	0.460296	0.293806	0.137109	0.068555
45.000000	0.479883	0.636580	0.626786	0.440709	0.362361	0.284013	0.264425	0.293806	0.284013	0.176284	0.117522
73.000000	0.460296	0.695341	0.597406	0.411328	0.342774	0.284013	0.244838	0.254632	0.244838	0.166490	0.127316
164.000000	0.577819	0.646373	0.528851	0.391741	0.332980	0.284013	0.244838	0.225251	0.215458	0.176284	0.146903
253.000000	0.832450	0.538644	0.430916	0.342774	0.303600	0.274219	0.235045	0.215458	0.195871	0.176284	0.166490
342.000000	0.803070	0.558231	0.421122	0.342774	0.313393	0.274219	0.244838	0.225251	0.205664	0.186077	0.176284
432.000000	0.675754	0.528851	0.421122	0.352567	0.323187	0.293806	0.264425	0.244838	0.225251	0.195871	0.176284
522.000000	0.656167	0.499470	0.411328	0.342774	0.313393	0.284013	0.254632	0.235045	0.215458	0.186077	0.176284
611.000000	0.626786	0.479883	0.391741	0.332980	0.303600	0.274219	0.254632	0.235045	0.215458	0.186077	0.166490
797.000000	0.616993	0.479883	0.391741	0.332980	0.313393	0.284013	0.254632	0.235045	0.215458	0.176284	0.156697
977.000000	0.675754	0.558231	0.460296	0.381948	0.342774	0.313393	0.264425	0.235045	0.195871	0.186077	0.186077
1156.000000	0.665960	0.568025	0.470090	0.391741	0.352567	0.313393	0.264425	0.225251	0.195871	0.186077	0.195871
1515.000000	0.646373	0.577819	0.470090	0.401535	0.352567	0.303600	0.264425	0.215458	0.186077	0.186077	0.205664
1874.000000	0.470090	0.470090	0.421122	0.381948	0.342774	0.303600	0.274219	0.244838	0.225251	0.225251	0.225251
0.000000	0.000000	0.000000	0.000000	0.000000	0.000000	0.000000	0.000000	0.000000	0.000000	0.000000	0.000000
12.900000	2.600000	5.200000	7.800000	10.400000	11.600000	12.900000	15.500000	18.100000	23.300000	32.400000	38.800000
11.000000	0.483726	0.473649	0.483726	0.665124	0.463571	0.231786	0.634891	0.584503	0.302329	0.110854	0.040311
45.000000	0.513959	0.433338	0.685279	0.493804	0.332562	0.241863	0.241863	0.352717	0.322484	0.161242	0.100776
73.000000	0.473649	0.473649	0.675201	0.413183	0.302329	0.231786	0.211630	0.241863	0.251941	0.161242	0.110854
164.000000	0.433338	0.614736	0.564347	0.382950	0.312407	0.251941	0.221708	0.221708	0.231786	0.191475	0.161242
253.000000	0.463571	0.715512	0.473649	0.322484	0.282174	0.241863	0.211630	0.211630	0.201553	0.171320	0.141087
342.000000	0.564347	0.584503	0.443416	0.332562	0.292251	0.251941	0.221708	0.211630	0.201553	0.171320	0.151165
432.000000	0.624813	0.554270	0.433338	0.332562	0.292251	0.262018	0.231786	0.221708	0.201553	0.171320	0.151165
522.000000	0.775978	0.534115	0.403105	0.322484	0.292251	0.262018	0.231786	0.221708	0.191475	0.161242	0.151165
611.000000	0.816288	0.493804	0.382950	0.312407	0.282174	0.262018	0.231786	0.211630	0.191475	0.161242	0.151165
797.000000	0.685279	0.483726	0.382950	0.312407	0.282174	0.262018	0.231786	0.211630	0.191475	0.151165	0.131009
977.000000	0.695357	0.554270	0.443416	0.362795	0.322484	0.282174	0.241863	0.211630	0.181397	0.161242	0.161242
1156.000000	0.665124	0.554270	0.453494	0.372872	0.332562	0.292251	0.241863	0.211630	0.171320	0.161242	0.171320
1515.000000	0.624813	0.544192	0.453494	0.372872	0.322484	0.282174	0.231786	0.201553	0.171320	0.171320	0.181397
1874.000000	0.453494	0.443416	0.393028	0.362795	0.312407	0.292251	0.251941	0.221708	0.201553	0.201553	0.211630
0.000000	0.000000	0.000000	0.000000	0.000000	0.000000	0.000000	0.000000	0.000000	0.000000	0.000000	0.000000
39.900000	8.000000	16.000000	24.000000	32.000000	35.900000	39.900000	47.900000	55.900000	71.900000	99.900000	119.800000
11.000000	0.501758	0.688687	0.698526	0.482081	0.403374	0.285313	0.669010	0.816586	0.570627	0.334505	0.245960
45.000000	0.511596	0.728041	0.669010	0.472243	0.393536	0.304990	0.304990	0.432889	0.531273	0.393536	0.344344
73.000000	0.521435	0.757556	0.609980	0.423051	0.364020	0.285313	0.255798	0.285313	0.354182	0.324667	0.304990
164.000000	0.659172	0.688687	0.570627	0.432889	0.383697	0.314828	0.275475	0.275475	0.304990	0.344344	0.344344
253.000000	0.875617	0.600142	0.472243	0.383697	0.344344	0.295152	0.265637	0.245960	0.255798	0.275475	0.295152
342.000000	0.895293	0.600142	0.462404	0.383697	0.354182	0.304990	0.275475	0.265637	0.265637	0.285313	0.285313
432.000000	0.747718	0.580465	0.472243	0.403374	0.373859	0.334505	0.304990	0.295152	0.285313	0.304990	0.304990
522.000000	0.659172	0.521435	0.432889	0.373859	0.344344	0.314828	0.285313	0.275475	0.265637	0.265637	0.265637
611.000000	0.639495	0.511596	0.423051	0.364020	0.344344	0.304990	0.285313	0.265637	0.265637	0.255798	0.255798
797.000000	0.678849	0.541111	0.462404	0.393536	0.373859	0.344344	0.314828	0.295152	0.285313	0.265637	0.255798
977.000000	0.757556	0.639495	0.531273	0.442728	0.403374	0.364020	0.314828	0.285313	0.265637	0.265637	0.265637
1156.000000	0.737879	0.649334	0.541111	0.452566	0.403374	0.364020	0.314828	0.285313	0.255798	0.255798	0.265637
1515.000000	0.718202	0.669010	0.560788	0.482081	0.403374	0.373859	0.314828	0.275475	0.255798	0.255798	0.265637
1874.000000	0.531273	0.550950	0.491919	0.452566	0.373859	0.364020	0.314828	0.285313	0.265637	0.275475	0.295152
0.000000	0.000000	0.000000	0.000000	0.000000	0.000000	0.000000	0.000000	0.000000	0.000000	0.000000	0.000000
10.000000	2.000000	4.000000	6.000000	8.000000	9.000000	10.000000	12.100000	14.100000	18.100000	25.100000	30.100000
11.000000	0.425188	0.445929	0.414818	0.674079	0.497781	0.165927	0.736301	0.456299	0.362965	0.124445	0.041482
45.000000	0.456299	0.394077	0.570374	0.487411	0.311113	0.207409	0.300743	0.663708	0.456299	0.197038	0.114075
73.000000	0.466670	0.383706	0.674079	0.425188	0.280002	0.207409	0.217779	0.373336	0.373336	0.207409	0.145186
164.000000	0.404447	0.477040	0.622226	0.362965	0.280002	0.217779	0.197038	0.248891	0.321484	0.228150	0.186668
253.000000	0.373336	0.674079	0.466670	0.300743	0.248891	0.207409	0.207409	0.228150	0.248891	0.197038	0.176297
342.000000	0.383706	0.746672	0.445929	0.300743	0.259261	0.217779	0.207409	0.217779	0.228150	0.186668	0.155557
432.000000	0.425188	0.642967	0.425188	0.300743	0.269631	0.228150	0.207409	0.207409	0.217779	0.176297	0.145186
522.000000	0.570374	0.518522	0.414818	0.300743	0.269631	0.238520	0.217779	0.207409	0.207409	0.165927	0.145186
611.000000	0.591115	0.497781	0.373336	0.280002	0.248891	0.217779	0.207409	0.207409	0.197038	0.155557	0.145186
797.000000	0.622226	0.487411	0.373336	0.290372	0.259261	0.228150	0.217779	0.207409	0.197038	0.165927	0.155557
977.000000	0.663708	0.560004	0.435558	0.342224	0.300743	0.269631	0.238520	0.207409	0.165927	0.134816	0.124445
1156.000000	0.663708	0.549633	0.435558	0.352595	0.311113	0.280002	0.228150	0.197038	0.155557	0.124445	0.134816
1515.000000	0.642967	0.518522	0.425188	0.342224	0.300743	0.259261	0.207409	0.176297	0.134816	0.124445	0.134816
1874.000000	0.497781	0.445929	0.404447	0.352595	0.321484	0.300743	0.259261	0.238520	0.207409	0.207409	0.217779
0.000000	0.000000	0.000000	0.000000	0.000000	0.000000	0.000000	0.000000	0.000000	0.000000	0.000000	0.000000
21.400000	4.300000	8.600000	12.900000	17.100000	19.300000	21.400000	25.700000	30.000000	38.600000	53.600000	64.300000
11.000000	0.366947	0.470445	0.338721	0.715077	0.526899	0.178769	0.686850	0.366947	0.423401	0.404583	0.413992
45.000000	0.432810	0.376356	0.526899	0.470445	0.291676	0.197587	0.263449	0.696259	0.536308	0.376356	0.376356
73.000000	0.442219	0.366947	0.620988	0.413992	0.272858	0.197587	0.206996	0.329312	0.479854	0.348129	0.282267
164.000000	0.395174	0.413992	0.696259	0.348129	0.272858	0.216405	0.197587	0.235223	0.329312	0.329312	0.310494
253.000000	0.366947	0.611579	0.423401	0.272858	0.225814	0.197587	0.188178	0.197587	0.225814	0.244632	0.254040
342.000000	0.357538	0.809166	0.413992	0.272858	0.244632	0.206996	0.197587	0.206996	0.235223	0.244632	0.244632
432.000000	0.385765	0.715077	0.385765	0.272858	0.244632	0.216405	0.206996	0.206996	0.225814	0.235223	0.235223
522.000000	0.526899	0.489263	0.366947	0.272858	0.244632	0.216405	0.197587	0.206996	0.216405	0.225814	0.216405
611.000000	0.564534	0.451627	0.338721	0.254040	0.235223	0.206996	0.197587	0.197587	0.206996	0.216405	0.216405
797.000000	0.658623	0.404583	0.310494	0.254040	0.225814	0.206996	0.197587	0.188178	0.188178	0.197587	0.197587
977.000000	0.611579	0.498672	0.385765	0.301085	0.263449	0.235223	0.197587	0.169360	0.131725	0.103498	0.084680
1156.000000	0.592761	0.489263	0.385765	0.310494	0.272858	0.235223	0.197587	0.169360	0.122316	0.094089	0.084680
1515.000000	0.564534	0.470445	0.385765	0.310494	0.263449	0.225814	0.188178	0.150542	0.112907	0.084680	0.075271
1874.000000	0.413992	0.385765	0.348129	0.310494	0.272858	0.244632	0.216405	0.188178	0.169360	0.169360	0.178769
0.000000	0.000000	0.000000	0.000000	0.000000	0.000000	0.000000	0.000000	0.000000	0.000000	0.000000	0.000000
45.300000	9.100000	18.100000	27.200000	36.300000	40.800000	45.300000	54.400000	63.400000	81.600000	113.300000	135.900000
11.000000	0.365712	0.430249	0.344200	0.537812	0.516299	0.182856	0.591593	0.376468	0.172100	0.053781	0.043025
45.000000	0.419493	0.365712	0.441006	0.580837	0.290418	0.182856	0.215125	0.333443	0.247393	0.118319	0.064537
73.000000	0.419493	0.365712	0.516299	0.441006	0.279662	0.193612	0.193612	0.258150	0.247393	0.150587	0.107562
164.000000	0.430249	0.354956	0.720668	0.387224	0.268906	0.215125	0.193612	0.225881	0.258150	0.204368	0.172100
253.000000	0.376468	0.419493	0.602349	0.322687	0.258150	0.215125	0.182856	0.193612	0.215125	0.182856	0.172100
342.000000	0.354956	0.473274	0.505543	0.311931	0.247393	0.215125	0.182856	0.182856	0.182856	0.172100	0.161344
432.000000	0.365712	0.505543	0.484031	0.301175	0.247393	0.225881	0.182856	0.182856	0.172100	0.161344	0.150587
522.000000	0.344200	0.580837	0.473274	0.290418	0.247393	0.225881	0.193612	0.182856	0.182856	0.172100	0.161344
611.000000	0.344200	0.688399	0.441006	0.279662	0.247393	0.225881	0.193612	0.182856	0.172100	0.172100	0.161344
797.000000	0.376468	0.731424	0.365712	0.268906	0.247393	0.225881	0.204368	0.193612	0.193612	0.193612	0.193612
977.000000	0.473274	0.666887	0.419493	0.311931	0.268906	0.236637	0.193612	0.161344	0.129075	0.118319	0.118319
1156.000000	0.516299	0.613105	0.419493	0.311931	0.279662	0.236637	0.193612	0.161344	0.129075	0.107562	0.118319
1515.000000	0.602349	0.537812	0.419493	0.333443	0.279662	0.247393	0.193612	0.150587	0.118319	0.107562	0.107562
1874.000000	0.419493	0.397981	0.365712	0.311931	0.268906	0.236637	0.204368	0.182856	0.161344	0.161344	0.172100
0.000000	0.000000	0.000000	0.000000	0.000000	0.000000	0.000000	0.000000	0.000000	0.000000	0.000000	0.000000
59.200000	11.800000	23.700000	35.500000	47.300000	53.300000	59.200000	71.000000	82.900000	106.500000	148.000000	177.500000
11.000000	0.335027	0.398410	0.307862	0.543287	0.452739	0.162986	0.516122	0.353136	0.172041	0.063383	0.054329
45.000000	0.380301	0.335027	0.416520	0.507067	0.262588	0.172041	0.199205	0.298808	0.235424	0.117712	0.063383
73.000000	0.380301	0.335027	0.498013	0.371246	0.226369	0.162986	0.153931	0.190150	0.190150	0.126767	0.090548
164.000000	0.389355	0.325972	0.760601	0.316917	0.244479	0.190150	0.162986	0.181096	0.208260	0.172041	0.135822
253.000000	0.325972	0.425574	0.479903	0.289753	0.226369	0.190150	0.162986	0.162986	0.172041	0.153931	0.144876
342.000000	0.335027	0.470848	0.443684	0.280698	0.226369	0.199205	0.172041	0.162986	0.162986	0.144876	0.135822
432.000000	0.325972	0.525177	0.443684	0.271643	0.226369	0.208260	0.172041	0.162986	0.162986	0.144876	0.135822
522.000000	0.316917	0.615725	0.398410	0.262588	0.226369	0.208260	0.181096	0.172041	0.162986	0.153931	0.144876
611.000000	0.316917	0.851149	0.362191	0.253534	0.226369	0.208260	0.181096	0.172041	0.162986	0.153931	0.144876
797.000000	0.407465	0.443684	0.298808	0.235424	0.217315	0.208260	0.190150	0.181096	0.181096	0.181096	0.181096
977.000000	0.443684	0.543287	0.362191	0.271643	0.235424	0.217315	0.172041	0.153931	0.126767	0.117712	0.117712
1156.000000	0.479903	0.516122	0.371246	0.280698	0.244479	0.217315	0.172041	0.144876	0.117712	0.117712	0.117712
1515.000000	0.525177	0.470848	0.371246	0.298808	0.253534	0.217315	0.172041	0.144876	0.117712	0.108657	0.117712
1874.000000	0.371246	0.353136	0.325972	0.271643	0.244479	0.217315	0.181096	0.162986	0.144876	0.153931	0.162986
0.000000	0.000000	0.000000	0.000000	0.000000	0.000000	0.000000	0.000000	0.000000	0.000000	0.000000	0.000000
45.400000	9.100000	18.200000	27.200000	36.300000	40.900000	45.400000	54.500000	63.600000	81.700000	113.500000	136.200000
11.000000	0.517047	0.506706	0.506706	0.713525	0.465342	0.248182	0.785911	0.734206	0.392956	0.186137	0.103409
45.000000	0.537729	0.475683	0.692843	0.527388	0.361933	0.258523	0.268864	0.403296	0.403296	0.237842	0.165455
73.000000	0.558410	0.455001	0.858298	0.455001	0.341251	0.268864	0.237842	0.279205	0.310228	0.227501	0.175796
164.000000	0.465342	0.620456	0.620456	0.413637	0.330910	0.279205	0.237842	0.237842	0.258523	0.237842	0.217160
253.000000	0.455001	0.765229	0.558410	0.372274	0.320569	0.279205	0.237842	0.227501	0.227501	0.217160	0.206819
342.000000	0.486024	0.806593	0.496365	0.351592	0.310228	0.279205	0.237842	0.227501	0.227501	0.206819	0.196478
432.000000	0.579092	0.620456	0.455001	0.351592	0.310228	0.279205	0.248182	0.227501	0.217160	0.206819	0.196478
522.000000	0.692843	0.558410	0.434319	0.341251	0.310228	0.289546	0.248182	0.237842	0.227501	0.206819	0.196478
611.000000	0.775570	0.527388	0.423978	0.341251	0.310228	0.279205	0.248182	0.237842	0.217160	0.206819	0.196478
797.000000	0.785911	0.517047	0.403296	0.341251	0.320569	0.289546	0.258523	0.248182	0.217160	0.196478	0.186137
977.000000	0.713525	0.589433	0.475683	0.382615	0.341251	0.299887	0.258523	0.227501	0.196478	0.196478	0.196478
1156.000000	0.682502	0.579092	0.475683	0.392956	0.341251	0.310228	0.258523	0.227501	0.196478	0.196478	0.206819
1515.000000	0.651479	0.579092	0.496365	0.403296	0.351592	0.320569	0.258523	0.217160	0.186137	0.196478	0.206819
1874.000000	0.486024	0.475683	0.434319	0.392956	0.330910	0.310228	0.268864	0.237842	0.217160	0.227501	0.237842
0.000000	0.000000	0.000000	0.000000	0.000000	0.000000	0.000000	0.000000	0.000000	0.000000	0.000000	0.000000
39.500000	7.900000	15.800000	23.700000	31.600000	35.500000	39.500000	47.400000	55.300000	71.100000	98.700000	118.400000
11.000000	0.422888	0.413054	0.422888	0.590077	0.413054	0.196692	0.422888	0.304873	0.118015	0.088511	0.236031
45.000000	0.432723	0.383550	0.540904	0.472061	0.314708	0.206527	0.177023	0.216361	0.147519	0.088511	0.236031
73.000000	0.442557	0.383550	0.609746	0.442557	0.304873	0.216361	0.177023	0.186858	0.137685	0.098346	0.216361
164.000000	0.393384	0.442557	0.599911	0.373715	0.285204	0.226196	0.177023	0.167188	0.137685	0.118015	0.147519
253.000000	0.383550	0.531069	0.481896	0.334377	0.275369	0.226196	0.186858	0.167188	0.137685	0.118015	0.127850
342.000000	0.373715	0.609746	0.472061	0.314708	0.265534	0.236031	0.186858	0.177023	0.147519	0.127850	0.118015
432.000000	0.373715	0.688423	0.432723	0.304873	0.275369	0.236031	0.196692	0.177023	0.157354	0.127850	0.108181
522.000000	0.452392	0.481896	0.393384	0.304873	0.265534	0.236031	0.206527	0.186858	0.167188	0.137685	0.118015
611.000000	0.501565	0.472061	0.373715	0.295038	0.265534	0.236031	0.206527	0.186858	0.167188	0.137685	0.118015
797.000000	0.609746	0.413054	0.344211	0.295038	0.265534	0.245865	0.216361	0.196692	0.186858	0.157354	0.147519
977.000000	0.609746	0.521234	0.422888	0.324542	0.285204	0.245865	0.206527	0.177023	0.157354	0.147519	0.147519
1156.000000	0.609746	0.521234	0.422888	0.334377	0.295038	0.255700	0.206527	0.177023	0.157354	0.157354	0.157354
1515.000000	0.609746	0.511400	0.432723	0.344211	0.295038	0.255700	0.206527	0.177023	0.147519	0.157354	0.167188
1874.000000	0.422888	0.403219	0.383550	0.314708	0.285204	0.255700	0.216361	0.196692	0.177023	0.177023	0.196692
0.000000	0.000000	0.000000	0.000000	0.000000	0.000000	0.000000	0.000000	0.000000	0.000000	0.000000	0.000000
5.000000	1.000000	2.000000	3.000000	4.000000	4.500000	5.000000	6.000000	7.000000	9.000000	12.600000	15.100000
11.000000	0.718334	0.657630	1.001621	0.627278	0.526104	0.323756	1.143264	0.839743	0.647512	0.698099	0.687982
45.000000	0.586808	0.951034	0.819508	0.526104	0.455282	0.354108	0.384460	0.910564	1.244438	0.677864	0.647512
73.000000	0.576691	1.123029	0.748686	0.485634	0.435047	0.354108	0.343991	0.475517	1.264672	0.870095	0.789156
164.000000	0.789156	1.011738	0.637395	0.465399	0.424930	0.364226	0.333874	0.343991	0.455282	1.062325	1.436668
253.000000	0.951034	0.910564	0.596925	0.455282	0.414813	0.374343	0.333874	0.333874	0.374343	0.445165	0.465399
342.000000	1.082560	0.849860	0.586808	0.455282	0.414813	0.374343	0.343991	0.333874	0.354108	0.404695	0.404695
432.000000	1.153381	0.809390	0.576691	0.445165	0.404695	0.374343	0.343991	0.333874	0.343991	0.374343	0.354108
522.000000	1.173616	0.809390	0.576691	0.455282	0.424930	0.394578	0.364226	0.354108	0.364226	0.394578	0.394578
611.000000	1.203968	0.799273	0.566573	0.455282	0.424930	0.394578	0.364226	0.343991	0.354108	0.364226	0.364226
797.000000	1.254555	0.799273	0.576691	0.475517	0.445165	0.424930	0.394578	0.374343	0.374343	0.394578	0.404695
977.000000	0.880212	0.738569	0.596925	0.495752	0.455282	0.424930	0.374343	0.354108	0.333874	0.343991	0.354108
1156.000000	0.819508	0.728451	0.607043	0.505869	0.455282	0.424930	0.374343	0.343991	0.323756	0.333874	0.343991
1515.000000	0.728451	0.728451	0.637395	0.536221	0.465399	0.445165	0.374343	0.343991	0.313639	0.313639	0.333874
1874.000000	0.627278	0.667747	0.607043	0.546339	0.455282	0.445165	0.384460	0.354108	0.343991	0.354108	0.374343
0.000000	0.000000	0.000000	0.000000	0.000000	0.000000	0.000000	0.000000	0.000000	0.000000	0.000000	0.000000
95.400000	19.100000	38.200000	57.300000	76.300000	85.900000	95.400000	114.500000	133.600000	171.800000	238.600000	286.300000
11.000000	0.352669	0.417635	0.324827	0.631093	0.464039	0.176335	0.519723	0.389793	0.167054	0.055685	0.306266
45.000000	0.399073	0.352669	0.473319	0.445477	0.287704	0.194896	0.194896	0.278423	0.204177	0.083527	0.046404
73.000000	0.399073	0.352669	0.529004	0.408354	0.278423	0.204177	0.176335	0.204177	0.185615	0.092808	0.046404
164.000000	0.361950	0.408354	0.556846	0.334108	0.250581	0.204177	0.167054	0.176335	0.167054	0.111369	0.074246
253.000000	0.352669	0.501162	0.417635	0.287704	0.241300	0.204177	0.176335	0.167054	0.167054	0.120650	0.092808
342.000000	0.334108	0.612531	0.408354	0.269142	0.241300	0.213458	0.185615	0.176335	0.167054	0.129931	0.102089
432.000000	0.389793	0.473319	0.361950	0.269142	0.241300	0.213458	0.185615	0.176335	0.167054	0.139212	0.111369
522.000000	0.473319	0.408354	0.334108	0.269142	0.241300	0.213458	0.185615	0.176335	0.167054	0.129931	0.111369
611.000000	0.538285	0.389793	0.324827	0.259862	0.232019	0.213458	0.185615	0.176335	0.157773	0.129931	0.120650
797.000000	0.593970	0.389793	0.306266	0.250581	0.241300	0.213458	0.194896	0.176335	0.148492	0.120650	0.102089
977.000000	0.593970	0.482600	0.380512	0.296985	0.259862	0.222739	0.185615	0.157773	0.129931	0.120650	0.120650
1156.000000	0.575408	0.482600	0.389793	0.306266	0.259862	0.232019	0.185615	0.157773	0.129931	0.120650	0.129931
1515.000000	0.566127	0.482600	0.389793	0.315546	0.269142	0.232019	0.185615	0.148492	0.120650	0.120650	0.139212
1874.000000	0.371231	0.371231	0.334108	0.287704	0.250581	0.222739	0.194896	0.167054	0.148492	0.157773	0.167054
0.000000	0.000000	0.000000	0.000000	0.000000	0.000000	0.000000	0.000000	0.000000	0.000000	0.000000	0.000000
13.400000	2.700000	5.400000	8.100000	10.700000	12.100000	13.400000	16.100000	18.800000	24.200000	33.600000	40.300000
11.000000	0.516791	0.469810	0.554376	0.657734	0.441622	0.244301	0.516791	0.526187	0.291282	0.122151	0.065773
45.000000	0.526187	0.460414	0.751696	0.469810	0.338263	0.253697	0.225509	0.281886	0.281886	0.169132	0.122151
73.000000	0.460414	0.544980	0.601357	0.422829	0.328867	0.263094	0.225509	0.234905	0.225509	0.169132	0.131547
164.000000	0.441622	0.723508	0.554376	0.366452	0.319471	0.272490	0.225509	0.206716	0.197320	0.159735	0.140943
253.000000	0.535584	0.648338	0.479206	0.347660	0.310075	0.272490	0.234905	0.216113	0.187924	0.159735	0.140943
342.000000	0.638942	0.563772	0.451018	0.347660	0.310075	0.281886	0.244301	0.216113	0.187924	0.150339	0.131547
432.000000	0.742300	0.535584	0.422829	0.338263	0.310075	0.281886	0.244301	0.225509	0.187924	0.150339	0.131547
522.000000	0.751696	0.535584	0.413433	0.338263	0.310075	0.281886	0.253697	0.225509	0.197320	0.159735	0.140943
611.000000	0.789281	0.516791	0.404037	0.328867	0.310075	0.281886	0.253697	0.225509	0.197320	0.159735	0.140943
797.000000	0.629546	0.488603	0.394641	0.328867	0.310075	0.291282	0.263094	0.244301	0.206716	0.169132	0.150339
977.000000	0.676527	0.563772	0.460414	0.375848	0.338263	0.300678	0.263094	0.234905	0.206716	0.197320	0.197320
1156.000000	0.657734	0.563772	0.469810	0.385244	0.338263	0.310075	0.263094	0.234905	0.206716	0.206716	0.206716
1515.000000	0.629546	0.573168	0.479206	0.404037	0.338263	0.319471	0.253697	0.225509	0.206716	0.206716	0.225509
1874.000000	0.460414	0.469810	0.422829	0.385244	0.319471	0.310075	0.263094	0.234905	0.216113	0.225509	0.234905
0.000000	0.000000	0.000000	0.000000	0.000000	0.000000	0.000000	0.000000	0.000000	0.000000	0.000000	0.000000
101.100000	20.200000	40.400000	60.700000	80.900000	91.000000	101.100000	121.300000	141.500000	182.000000	252.800000	303.300000
11.000000	0.392255	0.455864	0.371052	0.689097	0.561879	0.169624	0.731503	0.371052	0.445263	0.413458	0.424060
45.000000	0.445263	0.381654	0.551277	0.508871	0.307443	0.180225	0.265037	0.816315	0.551277	0.371052	0.339248
73.000000	0.445263	0.381654	0.604285	0.477067	0.307443	0.212030	0.212030	0.339248	0.434661	0.307443	0.265037
164.000000	0.455864	0.371052	0.805713	0.413458	0.307443	0.233233	0.190827	0.222631	0.265037	0.254436	0.243834
253.000000	0.392255	0.498270	0.551277	0.318045	0.243834	0.190827	0.169624	0.148421	0.095413	0.084812	0.106015
342.000000	0.381654	0.540676	0.561879	0.328646	0.254436	0.212030	0.180225	0.169624	0.148421	0.106015	0.106015
432.000000	0.392255	0.572480	0.561879	0.328646	0.265037	0.222631	0.180225	0.169624	0.148421	0.106015	0.084812
522.000000	0.339248	0.678495	0.551277	0.307443	0.254436	0.222631	0.190827	0.180225	0.169624	0.148421	0.137819
611.000000	0.360451	1.367592	0.413458	0.275639	0.243834	0.201428	0.180225	0.169624	0.159022	0.137819	0.127218
797.000000	0.424060	0.964736	0.328646	0.254436	0.243834	0.212030	0.190827	0.190827	0.190827	0.190827	0.201428
977.000000	0.477067	0.720901	0.392255	0.307443	0.275639	0.243834	0.201428	0.169624	0.137819	0.116616	0.116616
1156.000000	0.508871	0.636089	0.392255	0.318045	0.286240	0.243834	0.201428	0.169624	0.137819	0.116616	0.116616
1515.000000	0.561879	0.508871	0.392255	0.318045	0.275639	0.233233	0.190827	0.148421	0.116616	0.106015	0.116616
1874.000000	0.445263	0.413458	0.371052	0.328646	0.286240	0.265037	0.222631	0.190827	0.169624	0.169624	0.180225
0.000000	0.000000	0.000000	0.000000	0.000000	0.000000	0.000000	0.000000	0.000000	0.000000	0.000000	0.000000
79.200000	15.800000	31.700000	47.600000	63.400000	71.300000	79.200000	95.100000	111.000000	142.700000	198.100000	237.800000
11.000000	0.667128	0.579636	0.820239	0.689001	0.481207	0.328096	0.699937	0.853049	0.612445	0.393715	0.317159
45.000000	0.579636	0.699937	0.798366	0.557763	0.437461	0.349969	0.349969	0.459334	0.546826	0.415588	0.371842
73.000000	0.579636	0.765557	0.721811	0.503080	0.415588	0.339032	0.306223	0.328096	0.360905	0.339032	0.328096
164.000000	0.579636	0.962414	0.678064	0.459334	0.393715	0.339032	0.284350	0.273413	0.284350	0.273413	0.251540
253.000000	0.721811	0.798366	0.601509	0.437461	0.393715	0.339032	0.295286	0.273413	0.251540	0.229667	0.207794
342.000000	0.853049	0.743684	0.557763	0.426524	0.371842	0.339032	0.284350	0.262477	0.240604	0.207794	0.185921
432.000000	0.973351	0.678064	0.514017	0.404651	0.360905	0.317159	0.273413	0.251540	0.218730	0.174984	0.164048
522.000000	1.006160	0.689001	0.503080	0.393715	0.360905	0.328096	0.284350	0.262477	0.229667	0.185921	0.164048
611.000000	1.060843	0.667128	0.492144	0.393715	0.360905	0.328096	0.284350	0.262477	0.218730	0.185921	0.164048
797.000000	0.842112	0.601509	0.459334	0.371842	0.339032	0.317159	0.284350	0.251540	0.218730	0.196857	0.185921
977.000000	0.743684	0.612445	0.503080	0.404651	0.360905	0.328096	0.284350	0.251540	0.218730	0.218730	0.218730
1156.000000	0.710874	0.612445	0.503080	0.415588	0.371842	0.328096	0.284350	0.240604	0.218730	0.218730	0.229667
1515.000000	0.656191	0.612445	0.514017	0.437461	0.371842	0.339032	0.284350	0.240604	0.218730	0.218730	0.240604
1874.000000	0.514017	0.514017	0.470270	0.426524	0.371842	0.339032	0.295286	0.262477	0.240604	0.240604	0.251540
0.000000	0.000000	0.000000	0.000000	0.000000	0.000000	0.000000	0.000000	0.000000	0.000000	0.000000	0.000000
61.000000	12.200000	24.400000	36.600000	48.800000	54.900000	61.000000	73.200000	85.400000	109.800000	152.500000	183.000000
11.000000	0.394701	0.413954	0.375447	0.606491	0.442835	0.192537	0.616118	0.442835	0.385074	0.385074	0.356193
45.000000	0.433208	0.365820	0.577611	0.413954	0.269552	0.202164	0.259925	0.490969	0.490969	0.327313	0.279179
73.000000	0.394701	0.404328	0.558357	0.346567	0.250298	0.202164	0.211791	0.279179	0.336940	0.269552	0.250298
164.000000	0.365820	0.519850	0.481342	0.317686	0.259925	0.221418	0.202164	0.221418	0.259925	0.259925	0.259925
253.000000	0.346567	0.664253	0.452462	0.288805	0.250298	0.221418	0.202164	0.202164	0.202164	0.192537	0.173283
342.000000	0.404328	0.548730	0.404328	0.288805	0.250298	0.221418	0.202164	0.192537	0.182910	0.154030	0.144403
432.000000	0.442835	0.539104	0.394701	0.288805	0.250298	0.221418	0.202164	0.182910	0.173283	0.144403	0.125149
522.000000	0.529477	0.471716	0.365820	0.279179	0.250298	0.231044	0.202164	0.192537	0.173283	0.154030	0.144403
611.000000	0.577611	0.452462	0.356193	0.269552	0.250298	0.221418	0.202164	0.182910	0.173283	0.154030	0.144403
797.000000	0.635372	0.385074	0.308059	0.259925	0.250298	0.231044	0.211791	0.202164	0.182910	0.173283	0.173283
977.000000	0.635372	0.519850	0.404328	0.317686	0.279179	0.240671	0.202164	0.173283	0.144403	0.134776	0.134776
1156.000000	0.616118	0.519850	0.413954	0.327313	0.279179	0.250298	0.202164	0.173283	0.134776	0.134776	0.134776
1515.000000	0.596865	0.519850	0.423581	0.336940	0.288805	0.250298	0.202164	0.163656	0.134776	0.125149	0.134776
1874.000000	0.394701	0.385074	0.346567	0.308059	0.259925	0.240671	0.202164	0.182910	0.163656	0.163656	0.173283
0.000000	0.000000	0.000000	0.000000	0.000000	0.000000	0.000000	0.000000	0.000000	0.000000	0.000000	0.000000
46.300000	9.300000	18.500000	27.800000	37.000000	41.600000	46.300000	55.500000	64.800000	83.300000	115.700000	138.800000
11.000000	0.488078	0.508848	0.477694	0.695771	0.540002	0.238847	0.830772	0.456924	0.540002	0.353078	0.186924
45.000000	0.529617	0.456924	0.664617	0.508848	0.373847	0.270001	0.332309	0.799618	0.623079	0.467309	0.498463
73.000000	0.498463	0.488078	0.685387	0.425770	0.321924	0.249231	0.249231	0.384232	0.685387	0.467309	0.353078
164.000000	0.456924	0.633463	0.560771	0.394617	0.321924	0.270001	0.238847	0.259616	0.321924	0.363463	0.384232
253.000000	0.467309	0.726925	0.508848	0.353078	0.311539	0.259616	0.228462	0.238847	0.249231	0.238847	0.207693
342.000000	0.560771	0.602309	0.467309	0.353078	0.311539	0.259616	0.228462	0.218078	0.207693	0.166154	0.145385
432.000000	0.623079	0.581540	0.456924	0.353078	0.311539	0.270001	0.228462	0.218078	0.197308	0.145385	0.114231
522.000000	0.747694	0.529617	0.415386	0.332309	0.301155	0.270001	0.238847	0.218078	0.207693	0.176539	0.155770
611.000000	0.810002	0.508848	0.405001	0.321924	0.301155	0.259616	0.238847	0.218078	0.197308	0.166154	0.145385
797.000000	0.612694	0.446540	0.373847	0.311539	0.290770	0.270001	0.249231	0.238847	0.218078	0.207693	0.197308
977.000000	0.695771	0.571155	0.456924	0.363463	0.321924	0.280385	0.238847	0.207693	0.176539	0.176539	0.176539
1156.000000	0.675002	0.571155	0.467309	0.373847	0.332309	0.290770	0.238847	0.207693	0.176539	0.166154	0.176539
1515.000000	0.654233	0.571155	0.477694	0.394617	0.332309	0.290770	0.238847	0.197308	0.166154	0.166154	0.176539
1874.000000	0.456924	0.446540	0.405001	0.363463	0.311539	0.290770	0.249231	0.218078	0.197308	0.197308	0.218078
0.000000	0.000000	0.000000	0.000000	0.000000	0.000000	0.000000	0.000000	0.000000	0.000000	0.000000	0.000000
49.100000	9.800000	19.700000	29.500000	39.300000	44.200000	49.100000	59.000000	68.800000	88.400000	122.800000	147.400000
11.000000	0.408606	0.516133	0.376347	0.806458	0.580650	0.193550	0.720436	0.494628	0.408606	0.236561	0.129033
45.000000	0.483875	0.419358	0.602156	0.516133	0.311831	0.204303	0.268819	0.591403	0.505381	0.301078	0.247314
73.000000	0.494628	0.397853	0.741942	0.440864	0.290325	0.215056	0.215056	0.333336	0.397853	0.301078	0.258067
164.000000	0.440864	0.462369	0.763447	0.397853	0.301078	0.247314	0.225808	0.268819	0.354842	0.333336	0.311831
253.000000	0.408606	0.666672	0.483875	0.311831	0.258067	0.215056	0.204303	0.215056	0.225808	0.225808	0.225808
342.000000	0.397853	0.827964	0.494628	0.301078	0.258067	0.225808	0.204303	0.204303	0.204303	0.193550	0.182797
432.000000	0.387100	0.967750	0.494628	0.333336	0.290325	0.247314	0.225808	0.215056	0.215056	0.204303	0.182797
522.000000	0.494628	0.623661	0.462369	0.311831	0.279572	0.247314	0.215056	0.215056	0.215056	0.204303	0.193550
611.000000	0.505381	0.677425	0.397853	0.290325	0.258067	0.236561	0.215056	0.204303	0.204303	0.193550	0.182797
797.000000	0.623661	0.526886	0.365594	0.290325	0.268819	0.236561	0.225808	0.225808	0.225808	0.236561	0.236561
977.000000	0.634414	0.612908	0.440864	0.344089	0.301078	0.268819	0.236561	0.204303	0.161292	0.139786	0.129033
1156.000000	0.645167	0.591403	0.440864	0.354842	0.311831	0.279572	0.225808	0.193550	0.150539	0.129033	0.129033
1515.000000	0.645167	0.548392	0.440864	0.354842	0.311831	0.268819	0.215056	0.172044	0.139786	0.118281	0.118281
1874.000000	0.483875	0.451617	0.408606	0.354842	0.311831	0.290325	0.247314	0.225808	0.204303	0.193550	0.204303
0.000000	0.000000	0.000000	0.000000	0.000000	0.000000	0.000000	0.000000	0.000000	0.000000	0.000000	0.000000
36.400000	7.300000	14.600000	21.800000	29.100000	32.800000	36.400000	43.700000	51.000000	65.500000	91.000000	109.200000
11.000000	0.442358	0.453147	0.442358	0.690510	0.496304	0.183417	0.787613	0.539461	0.269730	0.053946	0.053946
45.000000	0.474725	0.409990	0.604196	0.507093	0.323676	0.204995	0.258941	0.507093	0.334466	0.118681	0.043157
73.000000	0.496304	0.399201	0.722877	0.442358	0.291309	0.204995	0.194206	0.269730	0.248152	0.118681	0.053946
164.000000	0.431569	0.485515	0.668931	0.409990	0.312887	0.237363	0.194206	0.204995	0.204995	0.129471	0.075524
253.000000	0.409990	0.571828	0.571828	0.377622	0.302098	0.237363	0.194206	0.183417	0.140260	0.075524	0.053946
342.000000	0.420779	0.593407	0.582618	0.377622	0.302098	0.248152	0.194206	0.172627	0.129471	0.053946	0.032368
432.000000	0.420779	0.636564	0.571828	0.377622	0.312887	0.258941	0.194206	0.172627	0.118681	0.053946	0.107892
522.000000	0.409990	0.690510	0.517882	0.356044	0.302098	0.258941	0.204995	0.183417	0.140260	0.097103	0.129471
611.000000	0.409990	0.809191	0.485515	0.345255	0.302098	0.258941	0.204995	0.183417	0.140260	0.097103	0.140260
797.000000	0.539461	0.474725	0.388412	0.312887	0.291309	0.258941	0.226573	0.204995	0.183417	0.140260	0.086314
977.000000	0.550250	0.593407	0.453147	0.356044	0.302098	0.269730	0.215784	0.194206	0.172627	0.151049	0.140260
1156.000000	0.582618	0.582618	0.453147	0.356044	0.312887	0.280520	0.226573	0.194206	0.172627	0.161838	0.161838
1515.000000	0.625774	0.561039	0.453147	0.377622	0.312887	0.280520	0.226573	0.194206	0.161838	0.172627	0.194206
1874.000000	0.442358	0.442358	0.388412	0.356044	0.291309	0.280520	0.226573	0.204995	0.183417	0.194206	0.204995
0.000000	0.000000	0.000000	0.000000	0.000000	0.000000	0.000000	0.000000	0.000000	0.000000	0.000000	0.000000
43.300000	8.700000	17.300000	26.000000	34.700000	39.000000	43.300000	52.000000	60.600000	78.000000	108.300000	129.900000
11.000000	0.440164	0.430994	0.440164	0.596056	0.421824	0.229252	0.623566	0.467675	0.421824	0.440164	0.430994
45.000000	0.458504	0.403484	0.632736	0.412654	0.293443	0.238422	0.293443	0.550205	0.605226	0.421824	0.421824
73.000000	0.412654	0.467675	0.559375	0.366804	0.284273	0.238422	0.247592	0.311783	0.403484	0.440164	0.440164
164.000000	0.394314	0.586886	0.531865	0.330123	0.265933	0.229252	0.201742	0.210912	0.220082	0.229252	0.238422
253.000000	0.375974	0.788628	0.495185	0.311783	0.265933	0.229252	0.201742	0.183402	0.174232	0.128381	0.100871
342.000000	0.385144	0.843648	0.486015	0.320953	0.284273	0.247592	0.210912	0.192572	0.174232	0.128381	0.091701
432.000000	0.412654	0.825308	0.458504	0.311783	0.275103	0.238422	0.192572	0.174232	0.137551	0.073361	0.045850
522.000000	0.467675	0.660246	0.421824	0.302613	0.265933	0.238422	0.201742	0.183402	0.165062	0.128381	0.128381
611.000000	0.513525	0.651076	0.403484	0.293443	0.265933	0.238422	0.201742	0.183402	0.155892	0.128381	0.128381
797.000000	0.660246	0.440164	0.339293	0.284273	0.256762	0.247592	0.220082	0.210912	0.192572	0.183402	0.174232
977.000000	0.568545	0.541035	0.412654	0.320953	0.284273	0.256762	0.220082	0.192572	0.165062	0.165062	0.165062
1156.000000	0.559375	0.531865	0.421824	0.339293	0.293443	0.265933	0.220082	0.192572	0.165062	0.165062	0.165062
1515.000000	0.550205	0.513525	0.421824	0.357633	0.302613	0.265933	0.220082	0.192572	0.165062	0.165062	0.174232
1874.000000	0.394314	0.403484	0.357633	0.320953	0.275103	0.247592	0.220082	0.192572	0.174232	0.183402	0.192572
0.000000	0.000000	0.000000	0.000000	0.000000	0.000000	0.000000	0.000000	0.000000	0.000000	0.000000	0.000000
75.800000	15.200000	30.300000	45.500000	60.700000	68.300000	75.800000	91.000000	106.200000	136.500000	189.600000	227.500000
11.000000	0.499296	0.444827	0.535608	0.590077	0.408515	0.236031	0.299578	0.245109	0.108937	0.199718	0.172484
45.000000	0.481140	0.453905	0.680858	0.444827	0.326812	0.245109	0.199718	0.208797	0.172484	0.145250	0.208797
73.000000	0.435749	0.526530	0.580999	0.408515	0.317734	0.254187	0.208797	0.190640	0.163406	0.154328	0.199718
164.000000	0.426671	0.662702	0.544687	0.372202	0.308656	0.263265	0.208797	0.181562	0.154328	0.163406	0.190640
253.000000	0.444827	0.735327	0.490218	0.335890	0.290500	0.254187	0.199718	0.163406	0.136172	0.181562	0.181562
342.000000	0.490218	0.680858	0.481140	0.344968	0.299578	0.263265	0.208797	0.172484	0.136172	0.190640	0.181562
432.000000	0.526530	0.680858	0.472062	0.344968	0.299578	0.263265	0.208797	0.172484	0.136172	0.190640	0.181562
522.000000	0.608233	0.562843	0.426671	0.326812	0.290500	0.254187	0.217875	0.181562	0.154328	0.181562	0.181562
611.000000	0.689936	0.535608	0.417593	0.326812	0.290500	0.263265	0.217875	0.181562	0.154328	0.181562	0.181562
797.000000	0.726249	0.444827	0.354046	0.308656	0.281421	0.263265	0.226953	0.208797	0.190640	0.154328	0.136172
977.000000	0.599155	0.508374	0.417593	0.335890	0.299578	0.272343	0.236031	0.199718	0.181562	0.181562	0.190640
1156.000000	0.580999	0.508374	0.417593	0.344968	0.308656	0.281421	0.236031	0.199718	0.181562	0.181562	0.190640
1515.000000	0.544687	0.508374	0.426671	0.354046	0.308656	0.281421	0.226953	0.199718	0.181562	0.190640	0.199718
1874.000000	0.417593	0.417593	0.381281	0.344968	0.290500	0.272343	0.236031	0.208797	0.190640	0.190640	0.208797
0.000000	0.000000	0.000000	0.000000	0.000000	0.000000	0.000000	0.000000	0.000000	0.000000	0.000000	0.000000
24.300000	4.900000	9.700000	14.600000	19.400000	21.800000	24.300000	29.100000	34.000000	43.700000	60.700000	72.800000
11.000000	0.532361	0.476323	0.588399	0.625757	0.438964	0.252171	0.663116	0.747173	0.448304	0.233492	0.158774
45.000000	0.504342	0.504342	0.747173	0.457643	0.336228	0.252171	0.252171	0.401605	0.485662	0.336228	0.270850
73.000000	0.466983	0.560380	0.663116	0.457643	0.354907	0.289529	0.270850	0.345567	0.438964	0.373586	0.345567
164.000000	0.457643	0.747173	0.569719	0.373586	0.326888	0.270850	0.242831	0.252171	0.308209	0.345567	0.345567
253.000000	0.504342	0.756513	0.495002	0.354907	0.317548	0.270850	0.233492	0.233492	0.242831	0.261511	0.261511
342.000000	0.588399	0.663116	0.476323	0.354907	0.317548	0.280190	0.242831	0.233492	0.233492	0.233492	0.233492
432.000000	0.653776	0.635097	0.466983	0.345567	0.308209	0.280190	0.242831	0.224152	0.214812	0.214812	0.205473
522.000000	0.737833	0.551040	0.420285	0.336228	0.308209	0.280190	0.252171	0.233492	0.224152	0.224152	0.214812
611.000000	0.831230	0.532361	0.410945	0.336228	0.308209	0.280190	0.252171	0.233492	0.224152	0.214812	0.205473
797.000000	0.803211	0.523021	0.392266	0.326888	0.308209	0.280190	0.261511	0.252171	0.242831	0.242831	0.233492
977.000000	0.681795	0.560380	0.448304	0.364247	0.326888	0.298869	0.252171	0.233492	0.205473	0.205473	0.214812
1156.000000	0.644437	0.560380	0.457643	0.373586	0.326888	0.298869	0.252171	0.233492	0.205473	0.205473	0.214812
1515.000000	0.607078	0.560380	0.466983	0.392266	0.326888	0.308209	0.252171	0.224152	0.196133	0.196133	0.214812
1874.000000	0.466983	0.476323	0.429624	0.382926	0.317548	0.317548	0.261511	0.242831	0.224152	0.224152	0.242831
0.000000	0.000000	0.000000	0.000000	0.000000	0.000000	0.000000	0.000000	0.000000	0.000000	0.000000	0.000000
84.300000	16.900000	33.700000	50.600000	67.400000	75.800000	84.300000	101.100000	118.000000	151.700000	210.700000	252.800000
11.000000	0.505545	0.602352	0.462520	0.838990	0.623865	0.258151	0.892772	0.720671	0.419495	0.129075	0.032269
45.000000	0.580839	0.505545	0.752940	0.537814	0.354957	0.290420	0.247395	0.290420	0.225882	0.107563	0.096807
73.000000	0.537814	0.548571	0.742184	0.441008	0.344201	0.290420	0.258151	0.236638	0.150588	0.096807	0.193613
164.000000	0.559327	0.699159	0.505545	0.376470	0.333445	0.301176	0.258151	0.225882	0.161344	0.182857	0.225882
253.000000	0.849747	0.494789	0.408739	0.354957	0.333445	0.301176	0.258151	0.225882	0.193613	0.193613	0.193613
342.000000	0.548571	0.462520	0.408739	0.354957	0.333445	0.311932	0.268907	0.236638	0.204369	0.182857	0.172101
432.000000	0.516302	0.451764	0.397983	0.354957	0.333445	0.311932	0.279663	0.258151	0.215126	0.182857	0.150588
522.000000	0.516302	0.451764	0.397983	0.354957	0.333445	0.322689	0.290420	0.268907	0.225882	0.172101	0.139832
611.000000	0.505545	0.430251	0.387226	0.354957	0.333445	0.322689	0.290420	0.268907	0.225882	0.172101	0.129075
797.000000	0.494789	0.441008	0.397983	0.365714	0.344201	0.333445	0.311932	0.279663	0.236638	0.161344	0.118319
977.000000	0.473277	0.484033	0.462520	0.430251	0.419495	0.397983	0.387226	0.365714	0.344201	0.311932	0.301176
1156.000000	0.451764	0.473277	0.462520	0.430251	0.419495	0.397983	0.387226	0.365714	0.354957	0.333445	0.333445
1515.000000	0.419495	0.462520	0.462520	0.430251	0.419495	0.397983	0.387226	0.365714	0.365714	0.354957	0.365714
1874.000000	0.430251	0.451764	0.441008	0.408739	0.397983	0.354957	0.354957	0.322689	0.322689	0.301176	0.311932
