100.000
99.532
99.502
99.480
99.463
99.449
99.435
99.422
99.408
99.395
99.382
99.368
99.356
99.341
99.321
99.294
99.258
99.209
99.149
99.079
99.002
98.921
98.835
98.746
98.657
98.565
98.474
98.385
98.296
98.208
98.123
98.036
97.949
97.859
97.765
97.664
97.561
97.453
97.341
97.222
97.095
96.958
96.813
96.656
96.487
96.300
96.096
95.876
95.629
95.362
95.071
94.752
94.398
94.009
93.563
93.091
92.578
92.011
91.369
90.665
89.869
89.013
88.089
87.093
86.031
84.873
83.602
82.203
80.670
79.014
77.204
75.225
73.093
70.789
68.335
65.709
62.904
59.925
56.797
53.504
50.079
46.588
43.134
39.658
36.033
32.111
28.110
24.240
20.630
17.423
14.509
11.888
9.544
7.518
5.800
4.368
3.197
2.262
1.547
1.020
646
393
228
125
65
32
15
6
3
1
0
0
0
0
0
0
0
0
0
0
