1 0.100000 0.500000 0.678540 0.048790 0.000000 1.000000 
1 0.100000 0.750000 0.497749 0.048790 0.000000 1.000000 
1 0.100000 1.000000 0.335327 0.048790 0.000000 1.000000 
1 0.100000 1.250000 0.352729 0.048790 0.000000 1.000000 
1 0.100000 1.500000 0.457144 0.048790 0.000000 1.000000 
1 0.190000 0.500000 0.553823 0.048790 0.000000 1.000000 
1 0.190000 0.750000 0.432007 0.048790 0.000000 1.000000 
1 0.190000 1.000000 0.337261 0.048790 0.000000 1.000000 
1 0.190000 1.250000 0.320825 0.048790 0.000000 1.000000 
1 0.190000 1.500000 0.372065 0.048790 0.000000 1.000000 
1 0.280000 0.500000 0.497749 0.048790 0.000000 1.000000 
1 0.280000 0.750000 0.406870 0.048790 0.000000 1.000000 
1 0.280000 1.000000 0.336294 0.048790 0.000000 1.000000 
1 0.280000 1.250000 0.313091 0.048790 0.000000 1.000000 
1 0.280000 1.500000 0.337261 0.048790 0.000000 1.000000 
1 0.370000 0.500000 0.465845 0.048790 0.000000 1.000000 
1 0.370000 0.750000 0.392368 0.048790 0.000000 1.000000 
1 0.370000 1.000000 0.335327 0.048790 0.000000 1.000000 
1 0.370000 1.250000 0.309224 0.048790 0.000000 1.000000 
1 0.370000 1.500000 0.319858 0.048790 0.000000 1.000000 
1 0.460000 0.500000 0.445542 0.048790 0.000000 1.000000 
1 0.460000 0.750000 0.382700 0.048790 0.000000 1.000000 
1 0.460000 1.000000 0.332427 0.048790 0.000000 1.000000 
1 0.460000 1.250000 0.306323 0.048790 0.000000 1.000000 
1 0.460000 1.500000 0.309224 0.048790 0.000000 1.000000 
1 0.550000 0.500000 0.430073 0.048790 0.000000 1.000000 
1 0.550000 0.750000 0.373999 0.048790 0.000000 1.000000 
1 0.550000 1.000000 0.330493 0.048790 0.000000 1.000000 
1 0.550000 1.250000 0.305356 0.048790 0.000000 1.000000 
1 0.550000 1.500000 0.303423 0.048790 0.000000 1.000000 
1 0.640000 0.500000 0.418472 0.048790 0.000000 1.000000 
1 0.640000 0.750000 0.368198 0.048790 0.000000 1.000000 
1 0.640000 1.000000 0.328560 0.048790 0.000000 1.000000 
1 0.640000 1.250000 0.303423 0.048790 0.000000 1.000000 
1 0.640000 1.500000 0.298589 0.048790 0.000000 1.000000 
1 0.730000 0.500000 0.408804 0.048790 0.000000 1.000000 
1 0.730000 0.750000 0.362397 0.048790 0.000000 1.000000 
1 0.730000 1.000000 0.326626 0.048790 0.000000 1.000000 
1 0.730000 1.250000 0.302456 0.048790 0.000000 1.000000 
1 0.730000 1.500000 0.295688 0.048790 0.000000 1.000000 
1 0.820000 0.500000 0.400103 0.048790 0.000000 1.000000 
1 0.820000 0.750000 0.357563 0.048790 0.000000 1.000000 
1 0.820000 1.000000 0.324692 0.048790 0.000000 1.000000 
1 0.820000 1.250000 0.301489 0.048790 0.000000 1.000000 
1 0.820000 1.500000 0.293755 0.048790 0.000000 1.000000 
1 0.910000 0.500000 0.393335 0.048790 0.000000 1.000000 
1 0.910000 0.750000 0.353696 0.048790 0.000000 1.000000 
1 0.910000 1.000000 0.322759 0.048790 0.000000 1.000000 
1 0.910000 1.250000 0.301489 0.048790 0.000000 1.000000 
1 0.910000 1.500000 0.291821 0.048790 0.000000 1.000000 
1 1.000000 0.500000 0.387534 0.048790 0.000000 1.000000 
1 1.000000 0.750000 0.349829 0.048790 0.000000 1.000000 
1 1.000000 1.000000 0.320825 0.048790 0.000000 1.000000 
1 1.000000 1.250000 0.300522 0.048790 0.000000 1.000000 
1 1.000000 1.500000 0.290854 0.048790 0.000000 1.000000 
